#Energy	tdos
-31.68729	0
-31.67429	0
-31.66129	0
-31.64829	0
-31.63529	0
-31.62229	0
-31.61029	0
-31.59729	0
-31.58429	0
-31.57129	0
-31.55829	0
-31.54529	0
-31.53229	0
-31.51929	0
-31.50629	0
-31.49429	0
-31.48129	0
-31.46829	0
-31.45529	0
-31.44229	0
-31.42929	0
-31.41629	0
-31.40329	0
-31.39029	0
-31.37829	0
-31.36529	0
-31.35229	0
-31.33929	0
-31.32629	0
-31.31329	0
-31.30029	0
-31.28729	0
-31.27529	0
-31.26229	0
-31.24929	0
-31.23629	0
-31.22329	0
-31.21029	0
-31.19729	0
-31.18429	0
-31.17129	0
-31.15929	0
-31.14629	0
-31.13329	0
-31.12029	0
-31.10729	0
-31.09429	0
-31.08129	0
-31.06829	0
-31.05529	0
-31.04329	0
-31.03029	0
-31.01729	0
-31.00429	0
-30.99129	0
-30.97829	0
-30.96529	0
-30.95229	0
-30.93929	0
-30.92729	0
-30.91429	0
-30.90129	0
-30.88829	0
-30.87529	0
-30.86229	0
-30.84929	0
-30.83629	0
-30.82329	0
-30.81129	0
-30.79829	0
-30.78529	0
-30.77229	0
-30.75929	0
-30.74629	0
-30.73329	0
-30.72029	0
-30.70829	0
-30.69529	0
-30.68229	0
-30.66929	0
-30.65629	0
-30.64329	0
-30.63029	0
-30.61729	0
-30.60429	0
-30.59229	0
-30.57929	0
-30.56629	0
-30.55329	0
-30.54029	0
-30.52729	0
-30.51429	0
-30.50129	0
-30.48829	0
-30.47629	0
-30.46329	0
-30.45029	0
-30.43729	0
-30.42429	0
-30.41129	0
-30.39829	0
-30.38529	0
-30.37229	0
-30.36029	0
-30.34729	0
-30.33429	0
-30.32129	0
-30.30829	0
-30.29529	0
-30.28229	0
-30.26929	0
-30.25629	0
-30.24429	0
-30.23129	0
-30.21829	0
-30.20529	0
-30.19229	0
-30.17929	0
-30.16629	0
-30.15329	0
-30.14129	0
-30.12829	0
-30.11529	0
-30.10229	0
-30.08929	0
-30.07629	0.00002
-30.06329	0.00009
-30.05029	0.00037
-30.03729	0.0013
-30.02529	0.00405
-30.01229	0.0112
-29.99929	0.02755
-29.98629	0.0605
-29.97329	0.1194
-29.96029	0.2138
-29.94729	0.3528
-29.93429	0.5475
-29.92129	0.8168
-29.90929	1.19
-29.89629	1.694
-29.88329	2.327
-29.87029	3.029
-29.85729	3.691
-29.84429	4.209
-29.83129	4.559
-29.81829	4.829
-29.80529	5.191
-29.79329	5.826
-29.78029	6.847
-29.76729	8.277
-29.75429	10.05
-29.74129	12.04
-29.72829	14.11
-29.71529	16.19
-29.70229	18.29
-29.69029	20.4
-29.67729	22.39
-29.66429	23.91
-29.65129	24.44
-29.63829	23.55
-29.62529	21.09
-29.61229	17.38
-29.59929	13.05
-29.58629	8.871
-29.57429	5.425
-29.56129	2.971
-29.54829	1.451
-29.53529	0.6302
-29.52229	0.2427
-29.50929	0.08274
-29.49629	0.02493
-29.48329	0.00663
-29.47029	0.00156
-29.45829	0.00032
-29.44529	0.00006
-29.43229	0.00001
-29.41929	0
-29.40629	0
-29.39329	0
-29.38029	0
-29.36729	0
-29.35429	0
-29.34229	0
-29.32929	0
-29.31629	0
-29.30329	0
-29.29029	0
-29.27729	0
-29.26429	0
-29.25129	0
-29.23829	0
-29.22629	0
-29.21329	0
-29.20029	0
-29.18729	0
-29.17429	0
-29.16129	0
-29.14829	0
-29.13529	0
-29.12329	0
-29.11029	0
-29.09729	0
-29.08429	0
-29.07129	0
-29.05829	0
-29.04529	0
-29.03229	0
-29.01929	0
-29.00729	0
-28.99429	0
-28.98129	0
-28.96829	0
-28.95529	0
-28.94229	0
-28.92929	0
-28.91629	0
-28.90329	0
-28.89129	0
-28.87829	0
-28.86529	0
-28.85229	0
-28.83929	0
-28.82629	0
-28.81329	0
-28.80029	0
-28.78729	0
-28.77529	0
-28.76229	0
-28.74929	0
-28.73629	0
-28.72329	0
-28.71029	0
-28.69729	0
-28.68429	0
-28.67129	0
-28.65929	0
-28.64629	0
-28.63329	0
-28.62029	0
-28.60729	0
-28.59429	0
-28.58129	0
-28.56829	0
-28.55629	0
-28.54329	0
-28.53029	0
-28.51729	0
-28.50429	0
-28.49129	0
-28.47829	0
-28.46529	0
-28.45229	0
-28.44029	0
-28.42729	0
-28.41429	0
-28.40129	0
-28.38829	0
-28.37529	0
-28.36229	0
-28.34929	0
-28.33629	0
-28.32429	0
-28.31129	0
-28.29829	0
-28.28529	0
-28.27229	0
-28.25929	0
-28.24629	0
-28.23329	0
-28.22029	0
-28.20829	0
-28.19529	0
-28.18229	0
-28.16929	0
-28.15629	0
-28.14329	0
-28.13029	0
-28.11729	0
-28.10529	0
-28.09229	0
-28.07929	0
-28.06629	0
-28.05329	0
-28.04029	0
-28.02729	0
-28.01429	0
-28.00129	0
-27.98929	0
-27.97629	0
-27.96329	0
-27.95029	0
-27.93729	0
-27.92429	0
-27.91129	0
-27.89829	0
-27.88529	0
-27.87329	0
-27.86029	0
-27.84729	0
-27.83429	0
-27.82129	0
-27.80829	0
-27.79529	0
-27.78229	0
-27.76929	0
-27.75729	0
-27.74429	0
-27.73129	0
-27.71829	0
-27.70529	0
-27.69229	0
-27.67929	0
-27.66629	0
-27.65329	0
-27.64129	0
-27.62829	0
-27.61529	0
-27.60229	0
-27.58929	0
-27.57629	0
-27.56329	0
-27.55029	0
-27.53829	0
-27.52529	0
-27.51229	0
-27.49929	0
-27.48629	0
-27.47329	0
-27.46029	0
-27.44729	0
-27.43429	0
-27.42229	0
-27.40929	0
-27.39629	0
-27.38329	0
-27.37029	0
-27.35729	0
-27.34429	0
-27.33129	0
-27.31829	0
-27.30629	0
-27.29329	0
-27.28029	0
-27.26729	0
-27.25429	0
-27.24129	0
-27.22829	0
-27.21529	0
-27.20229	0
-27.19029	0
-27.17729	0
-27.16429	0
-27.15129	0
-27.13829	0
-27.12529	0
-27.11229	0
-27.09929	0
-27.08629	0
-27.07429	0
-27.06129	0
-27.04829	0
-27.03529	0
-27.02229	0
-27.00929	0
-26.99629	0
-26.98329	0
-26.97129	0
-26.95829	0
-26.94529	0
-26.93229	0
-26.91929	0
-26.90629	0
-26.89329	0
-26.88029	0
-26.86729	0
-26.85529	0
-26.84229	0
-26.82929	0
-26.81629	0
-26.80329	0
-26.79029	0
-26.77729	0
-26.76429	0
-26.75129	0
-26.73929	0
-26.72629	0
-26.71329	0
-26.70029	0
-26.68729	0
-26.67429	0
-26.66129	0
-26.64829	0
-26.63529	0
-26.62329	0
-26.61029	0
-26.59729	0
-26.58429	0
-26.57129	0
-26.55829	0
-26.54529	0
-26.53229	0
-26.52029	0
-26.50729	0
-26.49429	0
-26.48129	0
-26.46829	0
-26.45529	0
-26.44229	0
-26.42929	0
-26.41629	0
-26.40429	0
-26.39129	0
-26.37829	0
-26.36529	0
-26.35229	0
-26.33929	0
-26.32629	0
-26.31329	0
-26.30029	0
-26.28829	0
-26.27529	0
-26.26229	0
-26.24929	0
-26.23629	0
-26.22329	0
-26.21029	0
-26.19729	0
-26.18429	0
-26.17229	0
-26.15929	0
-26.14629	0
-26.13329	0
-26.12029	0
-26.10729	0
-26.09429	0
-26.08129	0
-26.06829	0
-26.05629	0
-26.04329	0
-26.03029	0
-26.01729	0
-26.00429	0
-25.99129	0
-25.97829	0
-25.96529	0
-25.95329	0
-25.94029	0
-25.92729	0
-25.91429	0
-25.90129	0
-25.88829	0
-25.87529	0
-25.86229	0
-25.84929	0
-25.83729	0
-25.82429	0
-25.81129	0
-25.79829	0
-25.78529	0
-25.77229	0
-25.75929	0
-25.74629	0
-25.73329	0
-25.72129	0
-25.70829	0
-25.69529	0
-25.68229	0
-25.66929	0
-25.65629	0
-25.64329	0
-25.63029	0
-25.61729	0
-25.60529	0
-25.59229	0
-25.57929	0
-25.56629	0
-25.55329	0
-25.54029	0
-25.52729	0
-25.51429	0
-25.50129	0
-25.48929	0
-25.47629	0
-25.46329	0
-25.45029	0
-25.43729	0
-25.42429	0
-25.41129	0
-25.39829	0
-25.38629	0
-25.37329	0
-25.36029	0
-25.34729	0
-25.33429	0
-25.32129	0
-25.30829	0
-25.29529	0
-25.28229	0
-25.27029	0
-25.25729	0
-25.24429	0
-25.23129	0
-25.21829	0
-25.20529	0
-25.19229	0
-25.17929	0
-25.16629	0
-25.15429	0
-25.14129	0
-25.12829	0
-25.11529	0
-25.10229	0
-25.08929	0
-25.07629	0
-25.06329	0
-25.05029	0
-25.03829	0
-25.02529	0
-25.01229	0
-24.99929	0
-24.98629	0
-24.97329	0
-24.96029	0
-24.94729	0
-24.93429	0
-24.92229	0
-24.90929	0
-24.89629	0
-24.88329	0
-24.87029	0
-24.85729	0
-24.84429	0
-24.83129	0
-24.81929	0
-24.80629	0
-24.79329	0
-24.78029	0
-24.76729	0
-24.75429	0
-24.74129	0
-24.72829	0
-24.71529	0
-24.70329	0
-24.69029	0
-24.67729	0
-24.66429	0
-24.65129	0
-24.63829	0
-24.62529	0
-24.61229	0
-24.59929	0
-24.58729	0
-24.57429	0
-24.56129	0
-24.54829	0
-24.53529	0
-24.52229	0
-24.50929	0
-24.49629	0
-24.48329	0
-24.47129	0
-24.45829	0
-24.44529	0
-24.43229	0
-24.41929	0
-24.40629	0
-24.39329	0
-24.38029	0
-24.36829	0
-24.35529	0
-24.34229	0
-24.32929	0
-24.31629	0
-24.30329	0
-24.29029	0
-24.27729	0
-24.26429	0
-24.25229	0
-24.23929	0
-24.22629	0
-24.21329	0
-24.20029	0
-24.18729	0
-24.17429	0
-24.16129	0
-24.14829	0
-24.13629	0
-24.12329	0
-24.11029	0
-24.09729	0
-24.08429	0
-24.07129	0
-24.05829	0
-24.04529	0
-24.03229	0
-24.02029	0
-24.00729	0
-23.99429	0
-23.98129	0
-23.96829	0
-23.95529	0
-23.94229	0
-23.92929	0
-23.91629	0
-23.90429	0
-23.89129	0
-23.87829	0
-23.86529	0
-23.85229	0
-23.83929	0
-23.82629	0
-23.81329	0
-23.80129	0
-23.78829	0
-23.77529	0
-23.76229	0
-23.74929	0
-23.73629	0
-23.72329	0
-23.71029	0
-23.69729	0
-23.68529	0
-23.67229	0
-23.65929	0
-23.64629	0
-23.63329	0
-23.62029	0
-23.60729	0
-23.59429	0
-23.58129	0
-23.56929	0
-23.55629	0
-23.54329	0
-23.53029	0
-23.51729	0
-23.50429	0
-23.49129	0
-23.47829	0
-23.46529	0
-23.45329	0
-23.44029	0
-23.42729	0
-23.41429	0
-23.40129	0
-23.38829	0
-23.37529	0
-23.36229	0
-23.34929	0
-23.33729	0
-23.32429	0
-23.31129	0
-23.29829	0
-23.28529	0
-23.27229	0
-23.25929	0
-23.24629	0
-23.23429	0
-23.22129	0
-23.20829	0
-23.19529	0
-23.18229	0
-23.16929	0
-23.15629	0
-23.14329	0
-23.13029	0
-23.11829	0
-23.10529	0
-23.09229	0
-23.07929	0
-23.06629	0
-23.05329	0
-23.04029	0
-23.02729	0
-23.01429	0
-23.00229	0
-22.98929	0
-22.97629	0
-22.96329	0
-22.95029	0
-22.93729	0
-22.92429	0
-22.91129	0
-22.89829	0
-22.88629	0
-22.87329	0
-22.86029	0
-22.84729	0
-22.83429	0
-22.82129	0
-22.80829	0
-22.79529	0
-22.78329	0
-22.77029	0
-22.75729	0
-22.74429	0
-22.73129	0
-22.71829	0
-22.70529	0
-22.69229	0
-22.67929	0
-22.66729	0
-22.65429	0
-22.64129	0
-22.62829	0
-22.61529	0
-22.60229	0
-22.58929	0
-22.57629	0
-22.56329	0
-22.55129	0
-22.53829	0
-22.52529	0
-22.51229	0
-22.49929	0
-22.48629	0
-22.47329	0
-22.46029	0
-22.44729	0
-22.43529	0
-22.42229	0
-22.40929	0
-22.39629	0
-22.38329	0
-22.37029	0
-22.35729	0
-22.34429	0
-22.33129	0
-22.31929	0
-22.30629	0
-22.29329	0
-22.28029	0
-22.26729	0
-22.25429	0
-22.24129	0
-22.22829	0
-22.21629	0
-22.20329	0
-22.19029	0
-22.17729	0
-22.16429	0
-22.15129	0
-22.13829	0
-22.12529	0
-22.11229	0
-22.10029	0
-22.08729	0
-22.07429	0
-22.06129	0
-22.04829	0
-22.03529	0
-22.02229	0
-22.00929	0
-21.99629	0
-21.98429	0
-21.97129	0
-21.95829	0
-21.94529	0
-21.93229	0
-21.91929	0
-21.90629	0
-21.89329	0
-21.88029	0
-21.86829	0
-21.85529	0
-21.84229	0
-21.82929	0
-21.81629	0
-21.80329	0
-21.79029	0
-21.77729	0
-21.76429	0
-21.75229	0
-21.73929	0
-21.72629	0
-21.71329	0
-21.70029	0
-21.68729	0
-21.67429	0
-21.66129	0
-21.64929	0
-21.63629	0
-21.62329	0
-21.61029	0
-21.59729	0
-21.58429	0
-21.57129	0
-21.55829	0
-21.54529	0
-21.53329	0
-21.52029	0
-21.50729	0
-21.49429	0
-21.48129	0
-21.46829	0
-21.45529	0
-21.44229	0
-21.42929	0
-21.41729	0
-21.40429	0
-21.39129	0
-21.37829	0
-21.36529	0
-21.35229	0
-21.33929	0
-21.32629	0
-21.31329	0
-21.30129	0
-21.28829	0
-21.27529	0
-21.26229	0
-21.24929	0
-21.23629	0
-21.22329	0
-21.21029	0
-21.19829	0
-21.18529	0
-21.17229	0
-21.15929	0
-21.14629	0
-21.13329	0
-21.12029	0
-21.10729	0
-21.09429	0
-21.08229	0
-21.06929	0
-21.05629	0
-21.04329	0
-21.03029	0
-21.01729	0
-21.00429	0
-20.99129	0
-20.97829	0
-20.96629	0
-20.95329	0
-20.94029	0
-20.92729	0
-20.91429	0
-20.90129	0
-20.88829	0
-20.87529	0
-20.86229	0
-20.85029	0
-20.83729	0
-20.82429	0
-20.81129	0
-20.79829	0
-20.78529	0
-20.77229	0
-20.75929	0
-20.74629	0
-20.73429	0
-20.72129	0
-20.70829	0
-20.69529	0
-20.68229	0
-20.66929	0
-20.65629	0
-20.64329	0
-20.63129	0
-20.61829	0
-20.60529	0
-20.59229	0
-20.57929	0
-20.56629	0
-20.55329	0
-20.54029	0
-20.52729	0
-20.51529	0
-20.50229	0
-20.48929	0
-20.47629	0
-20.46329	0
-20.45029	0
-20.43729	0
-20.42429	0
-20.41129	0
-20.39929	0
-20.38629	0
-20.37329	0
-20.36029	0
-20.34729	0
-20.33429	0
-20.32129	0
-20.30829	0
-20.29529	0
-20.28329	0
-20.27029	0
-20.25729	0
-20.24429	0
-20.23129	0
-20.21829	0
-20.20529	0
-20.19229	0
-20.17929	0
-20.16729	0
-20.15429	0
-20.14129	0
-20.12829	0
-20.11529	0
-20.10229	0
-20.08929	0
-20.07629	0
-20.06429	0
-20.05129	0
-20.03829	0
-20.02529	0
-20.01229	0
-19.99929	0
-19.98629	0
-19.97329	0
-19.96029	0
-19.94829	0
-19.93529	0
-19.92229	0
-19.90929	0
-19.89629	0
-19.88329	0
-19.87029	0
-19.85729	0
-19.84429	0
-19.83229	0
-19.81929	0
-19.80629	0
-19.79329	0
-19.78029	0
-19.76729	0
-19.75429	0
-19.74129	0
-19.72829	0
-19.71629	0
-19.70329	0
-19.69029	0
-19.67729	0
-19.66429	0
-19.65129	0
-19.63829	0
-19.62529	0
-19.61229	0
-19.60029	0
-19.58729	0
-19.57429	0
-19.56129	0
-19.54829	0
-19.53529	0
-19.52229	0
-19.50929	0
-19.49729	0
-19.48429	0
-19.47129	0
-19.45829	0
-19.44529	0
-19.43229	0
-19.41929	0
-19.40629	0
-19.39329	0
-19.38129	0
-19.36829	0
-19.35529	0
-19.34229	0
-19.32929	0
-19.31629	0
-19.30329	0
-19.29029	0
-19.27729	0
-19.26529	0
-19.25229	0
-19.23929	0
-19.22629	0
-19.21329	0
-19.20029	0
-19.18729	0
-19.17429	0
-19.16129	0
-19.14929	0
-19.13629	0
-19.12329	0
-19.11029	0
-19.09729	0
-19.08429	0
-19.07129	0
-19.05829	0
-19.04629	0
-19.03329	0
-19.02029	0
-19.00729	0
-18.99429	0
-18.98129	0
-18.96829	0
-18.95529	0
-18.94229	0
-18.93029	0
-18.91729	0
-18.90429	0
-18.89129	0
-18.87829	0
-18.86529	0
-18.85229	0
-18.83929	0
-18.82629	0
-18.81429	0
-18.80129	0
-18.78829	0
-18.77529	0
-18.76229	0
-18.74929	0
-18.73629	0
-18.72329	0
-18.71029	0
-18.69829	0
-18.68529	0
-18.67229	0
-18.65929	0
-18.64629	0
-18.63329	0
-18.62029	0
-18.60729	0
-18.59429	0
-18.58229	0
-18.56929	0
-18.55629	0
-18.54329	0
-18.53029	0
-18.51729	0
-18.50429	0
-18.49129	0
-18.47929	0
-18.46629	0
-18.45329	0
-18.44029	0
-18.42729	0
-18.41429	0
-18.40129	0
-18.38829	0
-18.37529	0
-18.36329	0
-18.35029	0
-18.33729	0
-18.32429	0
-18.31129	0
-18.29829	0
-18.28529	0
-18.27229	0
-18.25929	0
-18.24729	0
-18.23429	0
-18.22129	0
-18.20829	0
-18.19529	0
-18.18229	0
-18.16929	0
-18.15629	0
-18.14329	0
-18.13129	0
-18.11829	0
-18.10529	0
-18.09229	0
-18.07929	0
-18.06629	0
-18.05329	0
-18.04029	0
-18.02729	0
-18.01529	0
-18.00229	0
-17.98929	0
-17.97629	0
-17.96329	0
-17.95029	0
-17.93729	0
-17.92429	0
-17.91229	0
-17.89929	0
-17.88629	0
-17.87329	0
-17.86029	0
-17.84729	0
-17.83429	0
-17.82129	0
-17.80829	0
-17.79629	0
-17.78329	0
-17.77029	0
-17.75729	0.00001
-17.74429	0.00003
-17.73129	0.00018
-17.71829	0.00086
-17.70529	0.00359
-17.69229	0.01313
-17.68029	0.04208
-17.66729	0.1184
-17.65429	0.2923
-17.64129	0.6336
-17.62829	1.207
-17.61529	2.023
-17.60229	2.99
-17.58929	3.92
-17.57629	4.602
-17.56429	4.926
-17.55129	4.95
-17.53829	4.855
-17.52529	4.814
-17.51229	4.901
-17.49929	5.105
-17.48629	5.428
-17.47329	5.942
-17.46129	6.747
-17.44829	7.854
-17.43529	9.096
-17.42229	10.15
-17.40929	10.67
-17.39629	10.46
-17.38329	9.572
-17.37029	8.254
-17.35729	6.846
-17.34529	5.645
-17.33229	4.815
-17.31929	4.375
-17.30629	4.223
-17.29329	4.203
-17.28029	4.168
-17.26729	4.043
-17.25429	3.848
-17.24129	3.692
-17.22929	3.734
-17.21629	4.123
-17.20329	4.927
-17.19029	6.06
-17.17729	7.261
-17.16429	8.168
-17.15129	8.477
-17.13829	8.111
-17.12529	7.251
-17.11329	6.216
-17.10029	5.267
-17.08729	4.499
-17.07429	3.862
-17.06129	3.257
-17.04829	2.631
-17.03529	1.997
-17.02229	1.411
-17.00929	0.9389
-16.99729	0.6168
-16.98429	0.4429
-16.97129	0.3805
-16.95829	0.3753
-16.94529	0.3758
-16.93229	0.3502
-16.91929	0.2923
-16.90629	0.2155
-16.89429	0.1397
-16.88129	0.07942
-16.86829	0.03961
-16.85529	0.01733
-16.84229	0.00664
-16.82929	0.00224
-16.81629	0.00066
-16.80329	0.00017
-16.79029	0.00004
-16.77829	0.00001
-16.76529	0
-16.75229	0
-16.73929	0.00001
-16.72629	0.00004
-16.71329	0.00021
-16.70029	0.00088
-16.68729	0.00331
-16.67429	0.01098
-16.66229	0.0322
-16.64929	0.0836
-16.63629	0.1927
-16.62329	0.3954
-16.61029	0.7249
-16.59729	1.192
-16.58429	1.764
-16.57129	2.362
-16.55829	2.881
-16.54629	3.234
-16.53329	3.39
-16.52029	3.384
-16.50729	3.279
-16.49429	3.115
-16.48129	2.878
-16.46829	2.532
-16.45529	2.068
-16.44229	1.537
-16.43029	1.025
-16.41729	0.6073
-16.40429	0.3184
-16.39129	0.1472
-16.37829	0.05996
-16.36529	0.02148
-16.35229	0.00676
-16.33929	0.00187
-16.32729	0.00046
-16.31429	0.0001
-16.30129	0.00002
-16.28829	0
-16.27529	0
-16.26229	0
-16.24929	0
-16.23629	0
-16.22329	0
-16.21129	0
-16.19829	0
-16.18529	0
-16.17229	0
-16.15929	0
-16.14629	0
-16.13329	0
-16.12029	0
-16.10729	0
-16.09529	0
-16.08229	0.00002
-16.06929	0.0001
-16.05629	0.00046
-16.04329	0.00181
-16.03029	0.00624
-16.01729	0.01895
-16.00429	0.0507
-15.99129	0.1198
-15.97929	0.2514
-15.96629	0.471
-15.95329	0.7952
-15.94029	1.225
-15.92729	1.751
-15.91429	2.365
-15.90129	3.072
-15.88829	3.884
-15.87629	4.801
-15.86329	5.79
-15.85029	6.765
-15.83729	7.587
-15.82429	8.074
-15.81129	8.056
-15.79829	7.461
-15.78529	6.379
-15.77229	5.068
-15.76029	3.865
-15.74729	3.055
-15.73429	2.785
-15.72129	3.042
-15.70829	3.694
-15.69529	4.537
-15.68229	5.322
-15.66929	5.803
-15.65629	5.808
-15.64429	5.315
-15.63129	4.483
-15.61829	3.575
-15.60529	2.836
-15.59229	2.392
-15.57929	2.223
-15.56629	2.222
-15.55329	2.261
-15.54029	2.252
-15.52829	2.165
-15.51529	2.022
-15.50229	1.862
-15.48929	1.718
-15.47629	1.594
-15.46329	1.482
-15.45029	1.388
-15.43729	1.333
-15.42429	1.327
-15.41229	1.349
-15.39929	1.346
-15.38629	1.261
-15.37329	1.077
-15.36029	0.8239
-15.34729	0.5592
-15.33429	0.335
-15.32129	0.1768
-15.30929	0.082
-15.29629	0.03342
-15.28329	0.01196
-15.27029	0.00376
-15.25729	0.00103
-15.24429	0.00025
-15.23129	0.00005
-15.21829	0.00001
-15.20529	0
-15.19329	0
-15.18029	0
-15.16729	0
-15.15429	0
-15.14129	0
-15.12829	0
-15.11529	0
-15.10229	0
-15.08929	0
-15.07729	0
-15.06429	0
-15.05129	0
-15.03829	0
-15.02529	0
-15.01229	0
-14.99929	0
-14.98629	0
-14.97329	0
-14.96129	0
-14.94829	0
-14.93529	0
-14.92229	0
-14.90929	0
-14.89629	0
-14.88329	0
-14.87029	0
-14.85729	0
-14.84529	0
-14.83229	0
-14.81929	0
-14.80629	0
-14.79329	0
-14.78029	0
-14.76729	0
-14.75429	0
-14.74229	0
-14.72929	0
-14.71629	0
-14.70329	0
-14.69029	0
-14.67729	0
-14.66429	0
-14.65129	0
-14.63829	0
-14.62629	0
-14.61329	0
-14.60029	0
-14.58729	0
-14.57429	0
-14.56129	0
-14.54829	0
-14.53529	0
-14.52229	0
-14.51029	0
-14.49729	0
-14.48429	0
-14.47129	0
-14.45829	0
-14.44529	0
-14.43229	0
-14.41929	0
-14.40629	0
-14.39429	0
-14.38129	0
-14.36829	0
-14.35529	0
-14.34229	0
-14.32929	0
-14.31629	0
-14.30329	0
-14.29129	0
-14.27829	0
-14.26529	0
-14.25229	0
-14.23929	0
-14.22629	0
-14.21329	0
-14.20029	0
-14.18729	0
-14.17529	0
-14.16229	0
-14.14929	0
-14.13629	0
-14.12329	0
-14.11029	0
-14.09729	0.00002
-14.08429	0.0001
-14.07129	0.00048
-14.05929	0.00192
-14.04629	0.0068
-14.03329	0.02121
-14.02029	0.05837
-14.00729	0.1419
-13.99429	0.3055
-13.98129	0.5844
-13.96829	0.9999
-13.95529	1.545
-13.94329	2.188
-13.93029	2.896
-13.91729	3.66
-13.90429	4.494
-13.89129	5.386
-13.87829	6.266
-13.86529	6.992
-13.85229	7.398
-13.83929	7.358
-13.82729	6.834
-13.81429	5.914
-13.80129	4.807
-13.78829	3.807
-13.77529	3.208
-13.76229	3.23
-13.74929	3.966
-13.73629	5.356
-13.72429	7.166
-13.71129	8.986
-13.69829	10.32
-13.68529	10.76
-13.67229	10.22
-13.65929	9.002
-13.64629	7.667
-13.63329	6.77
-13.62029	6.601
-13.60829	7.1
-13.59529	7.976
-13.58229	8.897
-13.56929	9.642
-13.55629	10.11
-13.54329	10.25
-13.53029	10.07
-13.51729	9.619
-13.50429	9.038
-13.49229	8.551
-13.47929	8.382
-13.46629	8.671
-13.45329	9.425
-13.44029	10.52
-13.42729	11.75
-13.41429	12.88
-13.40129	13.68
-13.38829	14.02
-13.37629	13.91
-13.36329	13.44
-13.35029	12.76
-13.33729	11.99
-13.32429	11.15
-13.31129	10.23
-13.29829	9.226
-13.28529	8.257
-13.27229	7.522
-13.26029	7.22
-13.24729	7.425
-13.23429	8.037
-13.22129	8.814
-13.20829	9.471
-13.19529	9.783
-13.18229	9.681
-13.16929	9.283
-13.15729	8.857
-13.14429	8.697
-13.13129	8.977
-13.11829	9.635
-13.10529	10.38
-13.09229	10.81
-13.07929	10.59
-13.06629	9.619
-13.05329	8.033
-13.04129	6.17
-13.02829	4.414
-13.01529	3.056
-13.00229	2.207
-12.98929	1.798
-12.97629	1.65
-12.96329	1.57
-12.95029	1.438
-12.93729	1.244
-12.92529	1.056
-12.91229	0.963
-12.89929	1.013
-12.88629	1.184
-12.87329	1.392
-12.86029	1.548
-12.84729	1.601
-12.83429	1.564
-12.82129	1.49
-12.80929	1.419
-12.79629	1.351
-12.78329	1.251
-12.77029	1.09
-12.75729	0.8823
-12.74429	0.6841
-12.73129	0.568
-12.71829	0.591
-12.70529	0.7734
-12.69329	1.09
-12.68029	1.475
-12.66729	1.84
-12.65429	2.104
-12.64129	2.225
-12.62829	2.208
-12.61529	2.092
-12.60229	1.912
-12.59029	1.685
-12.57729	1.413
-12.56429	1.106
-12.55129	0.792
-12.53829	0.5123
-12.52529	0.2989
-12.51229	0.1647
-12.49929	0.1072
-12.48629	0.1211
-12.47429	0.2059
-12.46129	0.3623
-12.44829	0.5772
-12.43529	0.812
-12.42229	1.007
-12.40929	1.108
-12.39629	1.105
-12.38329	1.051
-12.37029	1.049
-12.35829	1.207
-12.34529	1.59
-12.33229	2.186
-12.31929	2.91
-12.30629	3.631
-12.29329	4.211
-12.28029	4.541
-12.26729	4.563
-12.25429	4.287
-12.24229	3.787
-12.22929	3.177
-12.21629	2.581
-12.20329	2.112
-12.19029	1.869
-12.17729	1.931
-12.16429	2.318
-12.15129	2.955
-12.13929	3.658
-12.12629	4.199
-12.11329	4.415
-12.10029	4.306
-12.08729	4.039
-12.07429	3.855
-12.06129	3.946
-12.04829	4.36
-12.03529	5.001
-12.02329	5.669
-12.01029	6.131
-11.99729	6.185
-11.98429	5.737
-11.97129	4.849
-11.95829	3.725
-11.94529	2.64
-11.93229	1.842
-11.91929	1.494
-11.90729	1.649
-11.89429	2.239
-11.88129	3.08
-11.86829	3.895
-11.85529	4.409
-11.84229	4.468
-11.82929	4.122
-11.81629	3.59
-11.80329	3.141
-11.79129	2.969
-11.77829	3.137
-11.76529	3.598
-11.75229	4.235
-11.73929	4.903
-11.72629	5.466
-11.71329	5.828
-11.70029	5.955
-11.68729	5.869
-11.67529	5.64
-11.66229	5.369
-11.64929	5.158
-11.63629	5.06
-11.62329	5.041
-11.61029	5.004
-11.59729	4.853
-11.58429	4.553
-11.57229	4.138
-11.55929	3.667
-11.54629	3.182
-11.53329	2.69
-11.52029	2.186
-11.50729	1.677
-11.49429	1.194
-11.48129	0.7773
-11.46829	0.4571
-11.45629	0.2409
-11.44329	0.113
-11.43029	0.04699
-11.41729	0.01727
-11.40429	0.00559
-11.39129	0.0016
-11.37829	0.0004
-11.36529	0.00009
-11.35229	0.00002
-11.34029	0
-11.32729	0
-11.31429	0
-11.30129	0
-11.28829	0
-11.27529	0
-11.26229	0
-11.24929	0
-11.23629	0
-11.22429	0
-11.21129	0
-11.19829	0
-11.18529	0
-11.17229	0
-11.15929	0
-11.14629	0
-11.13329	0
-11.12029	0
-11.10829	0
-11.09529	0
-11.08229	0
-11.06929	0
-11.05629	0
-11.04329	0
-11.03029	0
-11.01729	0
-11.00529	0
-10.99229	0
-10.97929	0
-10.96629	0
-10.95329	0
-10.94029	0
-10.92729	0
-10.91429	0
-10.90129	0
-10.88929	0
-10.87629	0
-10.86329	0
-10.85029	0
-10.83729	0
-10.82429	0
-10.81129	0
-10.79829	0
-10.78529	0
-10.77329	0
-10.76029	0
-10.74729	0
-10.73429	0
-10.72129	0
-10.70829	0
-10.69529	0
-10.68229	0
-10.66929	0
-10.65729	0
-10.64429	0
-10.63129	0
-10.61829	0
-10.60529	0
-10.59229	0
-10.57929	0
-10.56629	0
-10.55429	0
-10.54129	0
-10.52829	0
-10.51529	0
-10.50229	0
-10.48929	0
-10.47629	0
-10.46329	0
-10.45029	0
-10.43829	0
-10.42529	0
-10.41229	0
-10.39929	0
-10.38629	0
-10.37329	0
-10.36029	0
-10.34729	0
-10.33429	0
-10.32229	0
-10.30929	0
-10.29629	0
-10.28329	0
-10.27029	0
-10.25729	0
-10.24429	0
-10.23129	0
-10.21829	0
-10.20629	0
-10.19329	0
-10.18029	0
-10.16729	0
-10.15429	0
-10.14129	0
-10.12829	0
-10.11529	0
-10.10229	0
-10.09029	0
-10.07729	0
-10.06429	0
-10.05129	0
-10.03829	0
-10.02529	0
-10.01229	0
-9.99929	0
-9.98729	0
-9.97429	0
-9.96129	0
-9.94829	0
-9.93529	0
-9.92229	0
-9.90929	0
-9.89629	0
-9.88329	0
-9.87129	0
-9.85829	0
-9.84529	0
-9.83229	0
-9.81929	0
-9.80629	0
-9.79329	0
-9.78029	0
-9.76729	0
-9.75529	0
-9.74229	0
-9.72929	0
-9.71629	0
-9.70329	0
-9.69029	0
-9.67729	0
-9.66429	0
-9.65129	0
-9.63929	0
-9.62629	0
-9.61329	0
-9.60029	0
-9.58729	0
-9.57429	0
-9.56129	0
-9.54829	0
-9.53529	0
-9.52329	0
-9.51029	0
-9.49729	0
-9.48429	0
-9.47129	0
-9.45829	0
-9.44529	0
-9.43229	0
-9.42029	0
-9.40729	0
-9.39429	0
-9.38129	0
-9.36829	0
-9.35529	0
-9.34229	0
-9.32929	0
-9.31629	0
-9.30429	0
-9.29129	0
-9.27829	0
-9.26529	0
-9.25229	0
-9.23929	0
-9.22629	0
-9.21329	0
-9.20029	0
-9.18829	0
-9.17529	0
-9.16229	0
-9.14929	0
-9.13629	0
-9.12329	0
-9.11029	0
-9.09729	0
-9.08429	0
-9.07229	0
-9.05929	0
-9.04629	0
-9.03329	0
-9.02029	0
-9.00729	0
-8.99429	0
-8.98129	0
-8.96929	0
-8.95629	0
-8.94329	0
-8.93029	0
-8.91729	0
-8.90429	0
-8.89129	0
-8.87829	0
-8.86529	0
-8.85329	0
-8.84029	0
-8.82729	0
-8.81429	0
-8.80129	0
-8.78829	0
-8.77529	0
-8.76229	0
-8.74929	0
-8.73729	0
-8.72429	0
-8.71129	0
-8.69829	0
-8.68529	0
-8.67229	0
-8.65929	0
-8.64629	0
-8.63329	0
-8.62129	0
-8.60829	0
-8.59529	0
-8.58229	0
-8.56929	0
-8.55629	0
-8.54329	0
-8.53029	0
-8.51729	0
-8.50529	0
-8.49229	0
-8.47929	0
-8.46629	0
-8.45329	0
-8.44029	0
-8.42729	0
-8.41429	0
-8.40229	0
-8.38929	0
-8.37629	0
-8.36329	0
-8.35029	0
-8.33729	0
-8.32429	0
-8.31129	0
-8.29829	0
-8.28629	0
-8.27329	0
-8.26029	0
-8.24729	0
-8.23429	0
-8.22129	0
-8.20829	0
-8.19529	0
-8.18229	0
-8.17029	0
-8.15729	0
-8.14429	0
-8.13129	0
-8.11829	0
-8.10529	0
-8.09229	0
-8.07929	0
-8.06629	0
-8.05429	0
-8.04129	0
-8.02829	0
-8.01529	0
-8.00229	0
-7.98929	0
-7.97629	0
-7.96329	0
-7.95029	0
-7.93829	0
-7.92529	0
-7.91229	0
-7.89929	0
-7.88629	0
-7.87329	0
-7.86029	0
-7.84729	0
-7.83529	0
-7.82229	0
-7.80929	0
-7.79629	0
-7.78329	0
-7.77029	0
-7.75729	0
-7.74429	0
-7.73129	0
-7.71929	0
-7.70629	0
-7.69329	0
-7.68029	0
-7.66729	0
-7.65429	0
-7.64129	0
-7.62829	0
-7.61529	0
-7.60329	0
-7.59029	0
-7.57729	0
-7.56429	0
-7.55129	0
-7.53829	0
-7.52529	0
-7.51229	0
-7.49929	0
-7.48729	0
-7.47429	0
-7.46129	0
-7.44829	0
-7.43529	0
-7.42229	0
-7.40929	0
-7.39629	0
-7.38329	0
-7.37129	0
-7.35829	0
-7.34529	0
-7.33229	0
-7.31929	0
-7.30629	0
-7.29329	0
-7.28029	0
-7.26829	0
-7.25529	0
-7.24229	0
-7.22929	0
-7.21629	0
-7.20329	0
-7.19029	0
-7.17729	0
-7.16429	0
-7.15229	0
-7.13929	0
-7.12629	0
-7.11329	0
-7.10029	0
-7.08729	0
-7.07429	0
-7.06129	0
-7.04829	0
-7.03629	0
-7.02329	0
-7.01029	0
-6.99729	0
-6.98429	0
-6.97129	0
-6.95829	0
-6.94529	0
-6.93229	0
-6.92029	0
-6.90729	0
-6.89429	0
-6.88129	0
-6.86829	0
-6.85529	0
-6.84229	0
-6.82929	0
-6.81729	0
-6.80429	0
-6.79129	0
-6.77829	0
-6.76529	0
-6.75229	0
-6.73929	0
-6.72629	0
-6.71329	0
-6.70129	0
-6.68829	0
-6.67529	0
-6.66229	0
-6.64929	0
-6.63629	0
-6.62329	0
-6.61029	0
-6.59729	0
-6.58529	0
-6.57229	0
-6.55929	0
-6.54629	0
-6.53329	0
-6.52029	0
-6.50729	0
-6.49429	0
-6.48129	0
-6.46929	0
-6.45629	0
-6.44329	0
-6.43029	0
-6.41729	0
-6.40429	0
-6.39129	0
-6.37829	0
-6.36529	0
-6.35329	0
-6.34029	0
-6.32729	0
-6.31429	0
-6.30129	0
-6.28829	0
-6.27529	0
-6.26229	0
-6.25029	0
-6.23729	0
-6.22429	0
-6.21129	0
-6.19829	0
-6.18529	0
-6.17229	0
-6.15929	0
-6.14629	0
-6.13429	0
-6.12129	0
-6.10829	0
-6.09529	0
-6.08229	0
-6.06929	0
-6.05629	0
-6.04329	0
-6.03029	0
-6.01829	0
-6.00529	0
-5.99229	0
-5.97929	0
-5.96629	0
-5.95329	0
-5.94029	0
-5.92729	0
-5.91429	0
-5.90229	0
-5.88929	0
-5.87629	0
-5.86329	0
-5.85029	0
-5.83729	0
-5.82429	0
-5.81129	0
-5.79829	0
-5.78629	0
-5.77329	0
-5.76029	0
-5.74729	0
-5.73429	0
-5.72129	0
-5.70829	0
-5.69529	0
-5.68329	0
-5.67029	0
-5.65729	0
-5.64429	0
-5.63129	0
-5.61829	0
-5.60529	0
-5.59229	0
-5.57929	0
-5.56729	0
-5.55429	0
-5.54129	0
-5.52829	0
-5.51529	0
-5.50229	0
-5.48929	0
-5.47629	0
-5.46329	0
-5.45129	0
-5.43829	0
-5.42529	0
-5.41229	0
-5.39929	0
-5.38629	0
-5.37329	0
-5.36029	0
-5.34729	0
-5.33529	0
-5.32229	0
-5.30929	0
-5.29629	0
-5.28329	0
-5.27029	0
-5.25729	0
-5.24429	0
-5.23229	0
-5.21929	0
-5.20629	0
-5.19329	0
-5.18029	0
-5.16729	0
-5.15429	0
-5.14129	0
-5.12829	0
-5.11629	0
-5.10329	0
-5.09029	0
-5.07729	0
-5.06429	0
-5.05129	0
-5.03829	0
-5.02529	0
-5.01229	0
-5.00029	0
-4.98729	0
-4.97429	0
-4.96129	0
-4.94829	0
-4.93529	0
-4.92229	0
-4.90929	0
-4.89629	0
-4.88429	0
-4.87129	0
-4.85829	0
-4.84529	0
-4.83229	0
-4.81929	0
-4.80629	0
-4.79329	0
-4.78029	0
-4.76829	0
-4.75529	0
-4.74229	0
-4.72929	0
-4.71629	0
-4.70329	0
-4.69029	0
-4.67729	0
-4.66529	0
-4.65229	0
-4.63929	0
-4.62629	0
-4.61329	0
-4.60029	0
-4.58729	0
-4.57429	0
-4.56129	0
-4.54929	0
-4.53629	0
-4.52329	0
-4.51029	0
-4.49729	0
-4.48429	0
-4.47129	0
-4.45829	0
-4.44529	0
-4.43329	0
-4.42029	0
-4.40729	0
-4.39429	0
-4.38129	0
-4.36829	0
-4.35529	0
-4.34229	0
-4.32929	0
-4.31729	0
-4.30429	0
-4.29129	0
-4.27829	0
-4.26529	0
-4.25229	0
-4.23929	0
-4.22629	0
-4.21329	0
-4.20129	0
-4.18829	0
-4.17529	0
-4.16229	0
-4.14929	0
-4.13629	0
-4.12329	0
-4.11029	0
-4.09829	0
-4.08529	0
-4.07229	0
-4.05929	0
-4.04629	0
-4.03329	0
-4.02029	0
-4.00729	0
-3.99429	0
-3.98229	0
-3.96929	0
-3.95629	0
-3.94329	0
-3.93029	0
-3.91729	0
-3.90429	0
-3.89129	0
-3.87829	0
-3.86629	0
-3.85329	0
-3.84029	0
-3.82729	0
-3.81429	0
-3.80129	0
-3.78829	0
-3.77529	0
-3.76229	0
-3.75029	0
-3.73729	0
-3.72429	0
-3.71129	0
-3.69829	0
-3.68529	0
-3.67229	0
-3.65929	0
-3.64729	0
-3.63429	0
-3.62129	0
-3.60829	0
-3.59529	0
-3.58229	0
-3.56929	0
-3.55629	0
-3.54329	0
-3.53129	0
-3.51829	0
-3.50529	0
-3.49229	0
-3.47929	0
-3.46629	0
-3.45329	0
-3.44029	0
-3.42729	0
-3.41529	0
-3.40229	0
-3.38929	0
-3.37629	0
-3.36329	0
-3.35029	0
-3.33729	0
-3.32429	0
-3.31129	0
-3.29929	0
-3.28629	0
-3.27329	0
-3.26029	0
-3.24729	0
-3.23429	0
-3.22129	0
-3.20829	0
-3.19529	0
-3.18329	0
-3.17029	0.00001
-3.15729	0.00007
-3.14429	0.00033
-3.13129	0.00135
-3.11829	0.00477
-3.10529	0.01484
-3.09229	0.04062
-3.08029	0.09798
-3.06729	0.2086
-3.05429	0.3933
-3.04129	0.6593
-3.02829	0.9877
-3.01529	1.331
-3.00229	1.624
-2.98929	1.807
-2.97629	1.846
-2.96429	1.742
-2.95129	1.538
-2.93829	1.3
-2.92529	1.097
-2.91229	0.9657
-2.89929	0.9002
-2.88629	0.8646
-2.87329	0.8301
-2.86029	0.8086
-2.84829	0.8574
-2.83529	1.049
-2.82229	1.427
-2.80929	1.971
-2.79629	2.603
-2.78329	3.235
-2.77029	3.815
-2.75729	4.341
-2.74429	4.823
-2.73229	5.245
-2.71929	5.557
-2.70629	5.716
-2.69329	5.723
-2.68029	5.604
-2.66729	5.37
-2.65429	5.004
-2.64129	4.501
-2.62829	3.922
-2.61629	3.399
-2.60329	3.082
-2.59029	3.067
-2.57729	3.366
-2.56429	3.914
-2.55129	4.597
-2.53829	5.301
-2.52529	5.944
-2.51329	6.502
-2.50029	6.983
-2.48729	7.383
-2.47429	7.646
-2.46129	7.68
-2.44829	7.413
-2.43529	6.857
-2.42229	6.141
-2.40929	5.49
-2.39729	5.138
-2.38429	5.219
-2.37129	5.681
-2.35829	6.295
-2.34529	6.764
-2.33229	6.857
-2.31929	6.512
-2.30629	5.835
-2.29329	5.032
-2.28129	4.32
-2.26829	3.889
-2.25529	3.905
-2.24229	4.51
-2.22929	5.764
-2.21629	7.566
-2.20329	9.621
-2.19029	11.53
-2.17729	12.94
-2.16529	13.69
-2.15229	13.78
-2.13929	13.35
-2.12629	12.51
-2.11329	11.4
-2.10029	10.13
-2.08729	8.836
-2.07429	7.674
-2.06129	6.786
-2.04929	6.263
-2.03629	6.108
-2.02329	6.24
-2.01029	6.539
-1.99729	6.92
-1.98429	7.354
-1.97129	7.827
-1.95829	8.288
-1.94629	8.653
-1.93329	8.883
-1.92029	9.04
-1.90729	9.245
-1.89429	9.55
-1.88129	9.848
-1.86829	9.918
-1.85529	9.571
-1.84229	8.775
-1.83029	7.662
-1.81729	6.443
-1.80429	5.296
-1.79129	4.312
-1.77829	3.512
-1.76529	2.887
-1.75229	2.434
-1.73929	2.177
-1.72629	2.163
-1.71429	2.436
-1.70129	2.997
-1.68829	3.764
-1.67529	4.583
-1.66229	5.288
-1.64929	5.78
-1.63629	6.084
-1.62329	6.33
-1.61029	6.675
-1.59829	7.2
-1.58529	7.839
-1.57229	8.406
-1.55929	8.695
-1.54629	8.6
-1.53329	8.172
-1.52029	7.583
-1.50729	7.035
-1.49529	6.672
-1.48229	6.534
-1.46929	6.554
-1.45629	6.596
-1.44329	6.502
-1.43029	6.154
-1.41729	5.516
-1.40429	4.653
-1.39129	3.716
-1.37929	2.905
-1.36629	2.423
-1.35329	2.425
-1.34029	2.972
-1.32729	3.99
-1.31429	5.282
-1.30129	6.581
-1.28829	7.645
-1.27529	8.313
-1.26329	8.509
-1.25029	8.215
-1.23729	7.477
-1.22429	6.43
-1.21129	5.298
-1.19829	4.333
-1.18529	3.706
-1.17229	3.457
-1.15929	3.512
-1.14729	3.77
-1.13429	4.175
-1.12129	4.723
-1.10829	5.403
-1.09529	6.111
-1.08229	6.638
-1.06929	6.773
-1.05629	6.442
-1.04329	5.798
-1.03129	5.149
-1.01829	4.793
-1.00529	4.857
-0.99229	5.266
-0.97929	5.819
-0.96629	6.318
-0.95329	6.629
-0.94029	6.691
-0.92829	6.481
-0.91529	6.003
-0.90229	5.315
-0.88929	4.537
-0.87629	3.828
-0.86329	3.322
-0.85029	3.079
-0.83729	3.071
-0.82429	3.238
-0.81229	3.555
-0.79929	4.05
-0.78629	4.772
-0.77329	5.732
-0.76029	6.869
-0.74729	8.073
-0.73429	9.208
-0.72129	10.11
-0.70829	10.62
-0.69629	10.61
-0.68329	10.05
-0.67029	9.096
-0.65729	7.999
-0.64429	7.052
-0.63129	6.499
-0.61829	6.472
-0.60529	6.966
-0.59229	7.848
-0.58029	8.925
-0.56729	10.03
-0.55429	11.11
-0.54129	12.14
-0.52829	13.13
-0.51529	13.95
-0.50229	14.4
-0.48929	14.3
-0.47629	13.64
-0.46429	12.66
-0.45129	11.69
-0.43829	10.99
-0.42529	10.62
-0.41229	10.42
-0.39929	10.17
-0.38629	9.689
-0.37329	8.962
-0.36129	8.153
-0.34829	7.514
-0.33529	7.243
-0.32229	7.36
-0.30929	7.701
-0.29629	8.014
-0.28329	8.108
-0.27029	7.935
-0.25729	7.55
-0.24529	7.014
-0.23229	6.323
-0.21929	5.434
-0.20629	4.354
-0.19329	3.188
-0.18029	2.101
-0.16729	1.234
-0.15429	0.642
-0.14129	0.2948
-0.12929	0.1192
-0.11629	0.04241
-0.10329	0.01326
-0.09029	0.00364
-0.07729	0.00088
-0.06429	0.00019
-0.05129	0.00003
-0.03829	0.00001
-0.02529	0
-0.01329	0
-0.00029	0
0.01271	0
0.02571	0
0.03871	0
0.05171	0
0.06471	0
0.07771	0
0.08971	0
0.10271	0
0.11571	0
0.12871	0
0.14171	0
0.15471	0
0.16771	0
0.18071	0
0.19371	0
0.20571	0
0.21871	0
0.23171	0
0.24471	0
0.25771	0
0.27071	0
0.28371	0
0.29671	0
0.30971	0
0.32171	0
0.33471	0
0.34771	0
0.36071	0
0.37371	0
0.38671	0
0.39971	0
0.41271	0
0.42571	0
0.43771	0
0.45071	0
0.46371	0
0.47671	0
0.48971	0
0.50271	0
0.51571	0
0.52871	0
0.54171	0
0.55371	0
0.56671	0
0.57971	0
0.59271	0
0.60571	0
0.61871	0
0.63171	0
0.64471	0
0.65671	0
0.66971	0
0.68271	0
0.69571	0
0.70871	0
0.72171	0
0.73471	0
0.74771	0
0.76071	0
0.77271	0
0.78571	0
0.79871	0
0.81171	0
0.82471	0
0.83771	0
0.85071	0
0.86371	0
0.87671	0
0.88871	0
0.90171	0
0.91471	0
0.92771	0
0.94071	0
0.95371	0
0.96671	0
0.97971	0
0.99271	0
1.00471	0
1.01771	0
1.03071	0
1.04371	0
1.05671	0
1.06971	0
1.08271	0
1.09571	0
1.10871	0
1.12071	0
1.13371	0
1.14671	0
1.15971	0
1.17271	0
1.18571	0
1.19871	0
1.21171	0
1.22371	0
1.23671	0
1.24971	0
1.26271	0
1.27571	0
1.28871	0
1.30171	0
1.31471	0
1.32771	0
1.33971	0
1.35271	0
1.36571	0
1.37871	0
1.39171	0
1.40471	0
1.41771	0
1.43071	0
1.44371	0
1.45571	0
1.46871	0
1.48171	0
1.49471	0
1.50771	0
1.52071	0
1.53371	0
1.54671	0
1.55971	0
1.57171	0
1.58471	0
1.59771	0
1.61071	0
1.62371	0
1.63671	0
1.64971	0
1.66271	0
1.67471	0
1.68771	0
1.70071	0
1.71371	0
1.72671	0
1.73971	0
1.75271	0
1.76571	0
1.77871	0
1.79071	0
1.80371	0
1.81671	0
1.82971	0
1.84271	0
1.85571	0
1.86871	0
1.88171	0
1.89471	0
1.90671	0
1.91971	0
1.93271	0
1.94571	0
1.95871	0
1.97171	0
1.98471	0
1.99771	0
2.01071	0
2.02271	0
2.03571	0
2.04871	0
2.06171	0
2.07471	0
2.08771	0
2.10071	0
2.11371	0
2.12671	0
2.13871	0
2.15171	0
2.16471	0
2.17771	0
2.19071	0
2.20371	0
2.21671	0
2.22971	0
2.24171	0
2.25471	0
2.26771	0
2.28071	0
2.29371	0
2.30671	0
2.31971	0
2.33271	0
2.34571	0
2.35771	0
2.37071	0
2.38371	0
2.39671	0
2.40971	0
2.42271	0
2.43571	0
2.44871	0
2.46171	0
2.47371	0
2.48671	0
2.49971	0
2.51271	0
2.52571	0
2.53871	0
2.55171	0
2.56471	0
2.57771	0
2.58971	0
2.60271	0
2.61571	0
2.62871	0
2.64171	0
2.65471	0
2.66771	0
2.68071	0
2.69371	0
2.70571	0
2.71871	0
2.73171	0
2.74471	0
2.75771	0
2.77071	0
2.78371	0
2.79671	0
2.80871	0
2.82171	0
2.83471	0
2.84771	0
2.86071	0
2.87371	0
2.88671	0
2.89971	0
2.91271	0
2.92471	0
2.93771	0
2.95071	0
2.96371	0
2.97671	0
2.98971	0
3.00271	0
3.01571	0
3.02871	0
3.04071	0
3.05371	0
3.06671	0
3.07971	0
3.09271	0
3.10571	0
3.11871	0
3.13171	0
3.14471	0
3.15671	0
3.16971	0
3.18271	0
3.19571	0
3.20871	0
3.22171	0
3.23471	0
3.24771	0
3.26071	0
3.27271	0
3.28571	0
3.29871	0
3.31171	0
3.32471	0
3.33771	0
3.35071	0
3.36371	0
3.37571	0
3.38871	0
3.40171	0
3.41471	0
3.42771	0
3.44071	0
3.45371	0
3.46671	0
3.47971	0
3.49171	0
3.50471	0
3.51771	0
3.53071	0
3.54371	0
3.55671	0
3.56971	0
3.58271	0
3.59571	0
3.60771	0
3.62071	0
3.63371	0.00002
3.64671	0.00013
3.65971	0.0006
3.67271	0.00243
3.68571	0.00867
3.69871	0.02712
3.71171	0.07445
3.72371	0.1795
3.73671	0.3807
3.74971	0.7108
3.76271	1.172
3.77571	1.711
3.78871	2.225
3.80171	2.594
3.81471	2.74
3.82671	2.655
3.83971	2.405
3.85271	2.099
3.86571	1.852
3.87871	1.756
3.89171	1.841
3.90471	2.056
3.91771	2.284
3.93071	2.405
3.94271	2.361
3.95571	2.186
3.96871	1.963
3.98171	1.768
3.99471	1.64
4.00771	1.597
4.02071	1.672
4.03371	1.912
4.04671	2.333
4.05871	2.876
4.07171	3.416
4.08471	3.81
4.09771	3.977
4.11071	3.929
4.12371	3.755
4.13671	3.565
4.14971	3.457
4.16271	3.485
4.17471	3.643
4.18771	3.852
4.20071	3.984
4.21371	3.925
4.22671	3.647
4.23971	3.236
4.25271	2.844
4.26571	2.623
4.27871	2.676
4.29071	3.046
4.30371	3.697
4.31671	4.494
4.32971	5.206
4.34271	5.57
4.35571	5.411
4.36871	4.737
4.38171	3.747
4.39371	2.733
4.40671	1.957
4.41971	1.566
4.43271	1.579
4.44571	1.939
4.45871	2.585
4.47171	3.504
4.48471	4.738
4.49771	6.319
4.50971	8.171
4.52271	10.04
4.53571	11.54
4.54871	12.3
4.56171	12.17
4.57471	11.26
4.58771	9.904
4.60071	8.444
4.61371	7.107
4.62571	6.009
4.63871	5.225
4.65171	4.82
4.66471	4.81
4.67771	5.117
4.69071	5.575
4.70371	6.003
4.71671	6.292
4.72971	6.431
4.74171	6.481
4.75471	6.501
4.76771	6.487
4.78071	6.379
4.79371	6.13
4.80671	5.78
4.81971	5.482
4.83271	5.429
4.84571	5.762
4.85771	6.481
4.87071	7.448
4.88371	8.458
4.89671	9.326
4.90971	9.954
4.92271	10.35
4.93571	10.6
4.94871	10.82
4.96071	11.08
4.97371	11.36
4.98671	11.51
4.99971	11.37
5.01271	10.86
5.02571	10.07
5.03871	9.278
5.05171	8.811
5.06471	8.867
5.07671	9.381
5.08971	10.03
5.10271	10.4
5.11571	10.16
5.12871	9.3
5.14171	8.011
5.15471	6.598
5.16771	5.298
5.18071	4.21
5.19271	3.319
5.20571	2.567
5.21871	1.911
5.23171	1.34
5.24471	0.8685
5.25771	0.5128
5.27071	0.2728
5.28371	0.1297
5.29671	0.0548
5.30871	0.02049
5.32171	0.00676
5.33471	0.00197
5.34771	0.0005
5.36071	0.00011
5.37371	0.00002
5.38671	0
5.39971	0
5.41171	0
5.42471	0
5.43771	0
5.45071	0
5.46371	0
5.47671	0
5.48971	0
5.50271	0
5.51571	0
5.52771	0
5.54071	0
5.55371	0
5.56671	0
5.57971	0
5.59271	0
5.60571	0
5.61871	0
5.63171	0
5.64371	0
5.65671	0
5.66971	0
5.68271	0
5.69571	0
5.70871	0
5.72171	0
5.73471	0
5.74771	0
5.75971	0
5.77271	0
5.78571	0
5.79871	0
5.81171	0
5.82471	0
5.83771	0
5.85071	0
5.86371	0
5.87571	0
5.88871	0
5.90171	0
5.91471	0
5.92771	0
5.94071	0
5.95371	0
5.96671	0
5.97871	0
5.99171	0
6.00471	0
6.01771	0
6.03071	0
6.04371	0
6.05671	0
6.06971	0
6.08271	0
6.09471	0
6.10771	0
6.12071	0
6.13371	0
6.14671	0
6.15971	0
6.17271	0
6.18571	0
6.19871	0
6.21071	0
6.22371	0
6.23671	0
6.24971	0
6.26271	0
6.27571	0
6.28871	0
6.30171	0
6.31471	0
6.32671	0
6.33971	0
6.35271	0
6.36571	0
6.37871	0
6.39171	0
6.40471	0
6.41771	0
6.43071	0
6.44271	0
6.45571	0
6.46871	0
6.48171	0
6.49471	0
6.50771	0
6.52071	0
6.53371	0
6.54571	0
6.55871	0
6.57171	0
6.58471	0
6.59771	0
6.61071	0
6.62371	0
6.63671	0
6.64971	0
6.66171	0
6.67471	0
6.68771	0
6.70071	0
6.71371	0
6.72671	0
6.73971	0
6.75271	0
6.76571	0
6.77771	0
6.79071	0
6.80371	0
6.81671	0
6.82971	0
6.84271	0
6.85571	0
6.86871	0
6.88171	0
6.89371	0
6.90671	0
6.91971	0
6.93271	0
6.94571	0
6.95871	0
