      #Energy        PDOS
     -22.12395       0.00000
     -22.11395       0.00000
     -22.10395       0.00000
     -22.09395       0.00000
     -22.08395       0.00000
     -22.07295       0.00000
     -22.06295       0.00000
     -22.05295       0.00000
     -22.04295       0.00000
     -22.03295       0.00000
     -22.02295       0.00000
     -22.01295       0.00000
     -22.00295       0.00000
     -21.99295       0.00000
     -21.98295       0.00000
     -21.97295       0.00000
     -21.96295       0.00000
     -21.95295       0.00000
     -21.94295       0.00000
     -21.93295       0.00000
     -21.92295       0.00000
     -21.91295       0.00000
     -21.90295       0.00000
     -21.89295       0.00000
     -21.88295       0.00000
     -21.87295       0.00000
     -21.86295       0.00000
     -21.85295       0.00000
     -21.84295       0.00000
     -21.83295       0.00000
     -21.82295       0.00000
     -21.81295       0.00000
     -21.80295       0.00000
     -21.79295       0.00000
     -21.78295       0.00000
     -21.77295       0.00000
     -21.76295       0.00000
     -21.75295       0.00000
     -21.74295       0.00000
     -21.73295       0.00000
     -21.72195       0.00000
     -21.71195       0.00000
     -21.70195       0.00000
     -21.69195       0.00000
     -21.68195       0.00000
     -21.67195       0.00000
     -21.66195       0.00000
     -21.65195       0.00000
     -21.64195       0.00000
     -21.63195       0.00000
     -21.62195       0.00000
     -21.61195       0.00000
     -21.60195       0.00000
     -21.59195       0.00000
     -21.58195       0.00000
     -21.57195       0.00000
     -21.56195       0.00000
     -21.55195       0.00000
     -21.54195       0.00000
     -21.53195       0.00000
     -21.52195       0.00000
     -21.51195       0.00000
     -21.50195       0.00000
     -21.49195       0.00000
     -21.48195       0.00000
     -21.47195       0.00000
     -21.46195       0.00000
     -21.45195       0.00000
     -21.44195       0.00000
     -21.43195       0.00000
     -21.42195       0.00000
     -21.41195       0.00000
     -21.40195       0.00000
     -21.39195       0.00000
     -21.38195       0.00000
     -21.37095       0.00000
     -21.36095       0.00000
     -21.35095       0.00000
     -21.34095       0.00000
     -21.33095       0.00000
     -21.32095       0.00000
     -21.31095       0.00000
     -21.30095       0.00000
     -21.29095       0.00000
     -21.28095       0.00000
     -21.27095       0.00000
     -21.26095       0.00000
     -21.25095       0.00000
     -21.24095       0.00000
     -21.23095       0.00000
     -21.22095       0.00000
     -21.21095       0.00000
     -21.20095       0.00000
     -21.19095       0.00000
     -21.18095       0.00000
     -21.17095       0.00000
     -21.16095       0.00000
     -21.15095       0.00000
     -21.14095       0.00000
     -21.13095       0.00000
     -21.12095       0.00000
     -21.11095       0.00000
     -21.10095       0.00000
     -21.09095       0.00000
     -21.08095       0.00000
     -21.07095       0.00000
     -21.06095       0.00000
     -21.05095       0.00000
     -21.04095       0.00000
     -21.02995       0.00000
     -21.01995       0.00000
     -21.00995       0.00000
     -20.99995       0.00000
     -20.98995       0.00000
     -20.97995       0.00000
     -20.96995       0.00000
     -20.95995       0.00000
     -20.94995       0.00000
     -20.93995       0.00000
     -20.92995       0.00000
     -20.91995       0.00000
     -20.90995       0.00000
     -20.89995       0.00000
     -20.88995       0.00000
     -20.87995       0.00000
     -20.86995       0.00000
     -20.85995       0.00001
     -20.84995       0.00008
     -20.83995       0.00063
     -20.82995       0.00394
     -20.81995       0.01965
     -20.80995       0.07865
     -20.79995       0.25266
     -20.78995       0.65173
     -20.77995       1.34950
     -20.76995       2.24476
     -20.75995       2.99708
     -20.74995       3.21405
     -20.73995       2.76792
     -20.72995       1.91322
     -20.71995       1.06256
     -20.70995       0.47369
     -20.69995       0.16952
     -20.68995       0.04872
     -20.67895       0.01123
     -20.66895       0.00208
     -20.65895       0.00031
     -20.64895       0.00004
     -20.63895       0.00000
     -20.62895       0.00000
     -20.61895       0.00000
     -20.60895       0.00000
     -20.59895       0.00000
     -20.58895       0.00000
     -20.57895       0.00000
     -20.56895       0.00000
     -20.55895       0.00000
     -20.54895       0.00000
     -20.53895       0.00000
     -20.52895       0.00000
     -20.51895       0.00000
     -20.50895       0.00000
     -20.49895       0.00000
     -20.48895       0.00000
     -20.47895       0.00000
     -20.46895       0.00000
     -20.45895       0.00000
     -20.44895       0.00000
     -20.43895       0.00000
     -20.42895       0.00000
     -20.41895       0.00000
     -20.40895       0.00000
     -20.39895       0.00000
     -20.38895       0.00000
     -20.37895       0.00000
     -20.36895       0.00000
     -20.35895       0.00000
     -20.34895       0.00000
     -20.33895       0.00000
     -20.32795       0.00000
     -20.31795       0.00000
     -20.30795       0.00000
     -20.29795       0.00000
     -20.28795       0.00000
     -20.27795       0.00000
     -20.26795       0.00000
     -20.25795       0.00000
     -20.24795       0.00000
     -20.23795       0.00000
     -20.22795       0.00000
     -20.21795       0.00000
     -20.20795       0.00000
     -20.19795       0.00000
     -20.18795       0.00000
     -20.17795       0.00000
     -20.16795       0.00000
     -20.15795       0.00000
     -20.14795       0.00000
     -20.13795       0.00000
     -20.12795       0.00000
     -20.11795       0.00000
     -20.10795       0.00000
     -20.09795       0.00000
     -20.08795       0.00000
     -20.07795       0.00000
     -20.06795       0.00000
     -20.05795       0.00000
     -20.04795       0.00000
     -20.03795       0.00000
     -20.02795       0.00000
     -20.01795       0.00000
     -20.00795       0.00000
     -19.99795       0.00000
     -19.98695       0.00000
     -19.97695       0.00000
     -19.96695       0.00000
     -19.95695       0.00000
     -19.94695       0.00000
     -19.93695       0.00000
     -19.92695       0.00000
     -19.91695       0.00000
     -19.90695       0.00000
     -19.89695       0.00000
     -19.88695       0.00000
     -19.87695       0.00000
     -19.86695       0.00000
     -19.85695       0.00000
     -19.84695       0.00000
     -19.83695       0.00000
     -19.82695       0.00000
     -19.81695       0.00000
     -19.80695       0.00000
     -19.79695       0.00000
     -19.78695       0.00000
     -19.77695       0.00000
     -19.76695       0.00000
     -19.75695       0.00000
     -19.74695       0.00000
     -19.73695       0.00000
     -19.72695       0.00000
     -19.71695       0.00000
     -19.70695       0.00000
     -19.69695       0.00000
     -19.68695       0.00000
     -19.67695       0.00000
     -19.66695       0.00000
     -19.65695       0.00000
     -19.64695       0.00000
     -19.63595       0.00000
     -19.62595       0.00000
     -19.61595       0.00000
     -19.60595       0.00000
     -19.59595       0.00000
     -19.58595       0.00000
     -19.57595       0.00000
     -19.56595       0.00000
     -19.55595       0.00000
     -19.54595       0.00000
     -19.53595       0.00000
     -19.52595       0.00000
     -19.51595       0.00000
     -19.50595       0.00000
     -19.49595       0.00000
     -19.48595       0.00000
     -19.47595       0.00000
     -19.46595       0.00000
     -19.45595       0.00000
     -19.44595       0.00000
     -19.43595       0.00000
     -19.42595       0.00000
     -19.41595       0.00000
     -19.40595       0.00000
     -19.39595       0.00000
     -19.38595       0.00000
     -19.37595       0.00000
     -19.36595       0.00000
     -19.35595       0.00000
     -19.34595       0.00000
     -19.33595       0.00000
     -19.32595       0.00000
     -19.31595       0.00000
     -19.30595       0.00000
     -19.29595       0.00000
     -19.28495       0.00000
     -19.27495       0.00000
     -19.26495       0.00000
     -19.25495       0.00000
     -19.24495       0.00000
     -19.23495       0.00000
     -19.22495       0.00000
     -19.21495       0.00000
     -19.20495       0.00000
     -19.19495       0.00000
     -19.18495       0.00000
     -19.17495       0.00000
     -19.16495       0.00000
     -19.15495       0.00000
     -19.14495       0.00000
     -19.13495       0.00000
     -19.12495       0.00000
     -19.11495       0.00000
     -19.10495       0.00000
     -19.09495       0.00000
     -19.08495       0.00000
     -19.07495       0.00000
     -19.06495       0.00000
     -19.05495       0.00000
     -19.04495       0.00000
     -19.03495       0.00000
     -19.02495       0.00000
     -19.01495       0.00000
     -19.00495       0.00000
     -18.99495       0.00000
     -18.98495       0.00000
     -18.97495       0.00000
     -18.96495       0.00000
     -18.95495       0.00000
     -18.94395       0.00000
     -18.93395       0.00000
     -18.92395       0.00000
     -18.91395       0.00000
     -18.90395       0.00000
     -18.89395       0.00000
     -18.88395       0.00000
     -18.87395       0.00000
     -18.86395       0.00000
     -18.85395       0.00000
     -18.84395       0.00000
     -18.83395       0.00000
     -18.82395       0.00000
     -18.81395       0.00000
     -18.80395       0.00000
     -18.79395       0.00000
     -18.78395       0.00000
     -18.77395       0.00000
     -18.76395       0.00000
     -18.75395       0.00000
     -18.74395       0.00000
     -18.73395       0.00000
     -18.72395       0.00000
     -18.71395       0.00000
     -18.70395       0.00000
     -18.69395       0.00000
     -18.68395       0.00000
     -18.67395       0.00000
     -18.66395       0.00000
     -18.65395       0.00000
     -18.64395       0.00000
     -18.63395       0.00000
     -18.62395       0.00000
     -18.61395       0.00000
     -18.60395       0.00000
     -18.59295       0.00000
     -18.58295       0.00000
     -18.57295       0.00000
     -18.56295       0.00000
     -18.55295       0.00000
     -18.54295       0.00000
     -18.53295       0.00000
     -18.52295       0.00000
     -18.51295       0.00000
     -18.50295       0.00000
     -18.49295       0.00000
     -18.48295       0.00000
     -18.47295       0.00000
     -18.46295       0.00000
     -18.45295       0.00000
     -18.44295       0.00000
     -18.43295       0.00000
     -18.42295       0.00000
     -18.41295       0.00000
     -18.40295       0.00000
     -18.39295       0.00000
     -18.38295       0.00000
     -18.37295       0.00000
     -18.36295       0.00000
     -18.35295       0.00000
     -18.34295       0.00000
     -18.33295       0.00000
     -18.32295       0.00000
     -18.31295       0.00000
     -18.30295       0.00000
     -18.29295       0.00000
     -18.28295       0.00000
     -18.27295       0.00000
     -18.26295       0.00000
     -18.25295       0.00000
     -18.24195       0.00000
     -18.23195       0.00000
     -18.22195       0.00000
     -18.21195       0.00000
     -18.20195       0.00000
     -18.19195       0.00000
     -18.18195       0.00000
     -18.17195       0.00000
     -18.16195       0.00000
     -18.15195       0.00000
     -18.14195       0.00000
     -18.13195       0.00000
     -18.12195       0.00000
     -18.11195       0.00000
     -18.10195       0.00000
     -18.09195       0.00000
     -18.08195       0.00000
     -18.07195       0.00000
     -18.06195       0.00000
     -18.05195       0.00000
     -18.04195       0.00000
     -18.03195       0.00000
     -18.02195       0.00000
     -18.01195       0.00000
     -18.00195       0.00000
     -17.99195       0.00000
     -17.98195       0.00000
     -17.97195       0.00000
     -17.96195       0.00000
     -17.95195       0.00000
     -17.94195       0.00000
     -17.93195       0.00000
     -17.92195       0.00000
     -17.91195       0.00000
     -17.90195       0.00000
     -17.89095       0.00000
     -17.88095       0.00000
     -17.87095       0.00000
     -17.86095       0.00000
     -17.85095       0.00000
     -17.84095       0.00000
     -17.83095       0.00000
     -17.82095       0.00000
     -17.81095       0.00000
     -17.80095       0.00000
     -17.79095       0.00000
     -17.78095       0.00000
     -17.77095       0.00000
     -17.76095       0.00000
     -17.75095       0.00000
     -17.74095       0.00000
     -17.73095       0.00000
     -17.72095       0.00000
     -17.71095       0.00000
     -17.70095       0.00000
     -17.69095       0.00000
     -17.68095       0.00000
     -17.67095       0.00000
     -17.66095       0.00000
     -17.65095       0.00000
     -17.64095       0.00000
     -17.63095       0.00000
     -17.62095       0.00000
     -17.61095       0.00000
     -17.60095       0.00000
     -17.59095       0.00000
     -17.58095       0.00000
     -17.57095       0.00000
     -17.56095       0.00000
     -17.54995       0.00000
     -17.53995       0.00000
     -17.52995       0.00000
     -17.51995       0.00000
     -17.50995       0.00000
     -17.49995       0.00000
     -17.48995       0.00000
     -17.47995       0.00000
     -17.46995       0.00000
     -17.45995       0.00000
     -17.44995       0.00000
     -17.43995       0.00000
     -17.42995       0.00000
     -17.41995       0.00000
     -17.40995       0.00000
     -17.39995       0.00000
     -17.38995       0.00000
     -17.37995       0.00000
     -17.36995       0.00000
     -17.35995       0.00000
     -17.34995       0.00000
     -17.33995       0.00000
     -17.32995       0.00000
     -17.31995       0.00000
     -17.30995       0.00000
     -17.29995       0.00000
     -17.28995       0.00000
     -17.27995       0.00000
     -17.26995       0.00000
     -17.25995       0.00000
     -17.24995       0.00000
     -17.23995       0.00000
     -17.22995       0.00000
     -17.21995       0.00000
     -17.20995       0.00000
     -17.19895       0.00000
     -17.18895       0.00000
     -17.17895       0.00000
     -17.16895       0.00000
     -17.15895       0.00000
     -17.14895       0.00000
     -17.13895       0.00000
     -17.12895       0.00000
     -17.11895       0.00000
     -17.10895       0.00000
     -17.09895       0.00000
     -17.08895       0.00000
     -17.07895       0.00000
     -17.06895       0.00000
     -17.05895       0.00000
     -17.04895       0.00000
     -17.03895       0.00000
     -17.02895       0.00000
     -17.01895       0.00000
     -17.00895       0.00000
     -16.99895       0.00000
     -16.98895       0.00000
     -16.97895       0.00000
     -16.96895       0.00000
     -16.95895       0.00000
     -16.94895       0.00000
     -16.93895       0.00000
     -16.92895       0.00000
     -16.91895       0.00000
     -16.90895       0.00000
     -16.89895       0.00000
     -16.88895       0.00000
     -16.87895       0.00000
     -16.86895       0.00000
     -16.85895       0.00000
     -16.84795       0.00000
     -16.83795       0.00000
     -16.82795       0.00000
     -16.81795       0.00000
     -16.80795       0.00000
     -16.79795       0.00000
     -16.78795       0.00000
     -16.77795       0.00000
     -16.76795       0.00000
     -16.75795       0.00000
     -16.74795       0.00000
     -16.73795       0.00000
     -16.72795       0.00000
     -16.71795       0.00000
     -16.70795       0.00000
     -16.69795       0.00000
     -16.68795       0.00000
     -16.67795       0.00000
     -16.66795       0.00000
     -16.65795       0.00000
     -16.64795       0.00000
     -16.63795       0.00000
     -16.62795       0.00000
     -16.61795       0.00000
     -16.60795       0.00000
     -16.59795       0.00000
     -16.58795       0.00000
     -16.57795       0.00000
     -16.56795       0.00000
     -16.55795       0.00000
     -16.54795       0.00000
     -16.53795       0.00000
     -16.52795       0.00000
     -16.51795       0.00000
     -16.50695       0.00000
     -16.49695       0.00000
     -16.48695       0.00000
     -16.47695       0.00000
     -16.46695       0.00000
     -16.45695       0.00000
     -16.44695       0.00000
     -16.43695       0.00000
     -16.42695       0.00000
     -16.41695       0.00000
     -16.40695       0.00000
     -16.39695       0.00000
     -16.38695       0.00000
     -16.37695       0.00000
     -16.36695       0.00000
     -16.35695       0.00000
     -16.34695       0.00000
     -16.33695       0.00000
     -16.32695       0.00000
     -16.31695       0.00000
     -16.30695       0.00000
     -16.29695       0.00000
     -16.28695       0.00000
     -16.27695       0.00000
     -16.26695       0.00000
     -16.25695       0.00000
     -16.24695       0.00000
     -16.23695       0.00000
     -16.22695       0.00000
     -16.21695       0.00000
     -16.20695       0.00000
     -16.19695       0.00000
     -16.18695       0.00000
     -16.17695       0.00000
     -16.16695       0.00000
     -16.15595       0.00000
     -16.14595       0.00000
     -16.13595       0.00000
     -16.12595       0.00000
     -16.11595       0.00000
     -16.10595       0.00000
     -16.09595       0.00000
     -16.08595       0.00000
     -16.07595       0.00000
     -16.06595       0.00000
     -16.05595       0.00000
     -16.04595       0.00000
     -16.03595       0.00000
     -16.02595       0.00000
     -16.01595       0.00000
     -16.00595       0.00000
     -15.99595       0.00000
     -15.98595       0.00000
     -15.97595       0.00000
     -15.96595       0.00000
     -15.95595       0.00000
     -15.94595       0.00000
     -15.93595       0.00000
     -15.92595       0.00000
     -15.91595       0.00000
     -15.90595       0.00000
     -15.89595       0.00000
     -15.88595       0.00000
     -15.87595       0.00000
     -15.86595       0.00000
     -15.85595       0.00000
     -15.84595       0.00000
     -15.83595       0.00000
     -15.82595       0.00000
     -15.81595       0.00000
     -15.80495       0.00000
     -15.79495       0.00000
     -15.78495       0.00000
     -15.77495       0.00000
     -15.76495       0.00000
     -15.75495       0.00000
     -15.74495       0.00000
     -15.73495       0.00000
     -15.72495       0.00000
     -15.71495       0.00000
     -15.70495       0.00000
     -15.69495       0.00000
     -15.68495       0.00000
     -15.67495       0.00000
     -15.66495       0.00000
     -15.65495       0.00000
     -15.64495       0.00000
     -15.63495       0.00000
     -15.62495       0.00000
     -15.61495       0.00000
     -15.60495       0.00000
     -15.59495       0.00000
     -15.58495       0.00000
     -15.57495       0.00000
     -15.56495       0.00000
     -15.55495       0.00000
     -15.54495       0.00000
     -15.53495       0.00000
     -15.52495       0.00000
     -15.51495       0.00000
     -15.50495       0.00000
     -15.49495       0.00000
     -15.48495       0.00000
     -15.47495       0.00000
     -15.46395       0.00000
     -15.45395       0.00000
     -15.44395       0.00000
     -15.43395       0.00000
     -15.42395       0.00000
     -15.41395       0.00000
     -15.40395       0.00000
     -15.39395       0.00000
     -15.38395       0.00000
     -15.37395       0.00000
     -15.36395       0.00000
     -15.35395       0.00000
     -15.34395       0.00000
     -15.33395       0.00000
     -15.32395       0.00000
     -15.31395       0.00000
     -15.30395       0.00000
     -15.29395       0.00000
     -15.28395       0.00000
     -15.27395       0.00000
     -15.26395       0.00000
     -15.25395       0.00000
     -15.24395       0.00000
     -15.23395       0.00000
     -15.22395       0.00000
     -15.21395       0.00000
     -15.20395       0.00000
     -15.19395       0.00000
     -15.18395       0.00000
     -15.17395       0.00000
     -15.16395       0.00000
     -15.15395       0.00000
     -15.14395       0.00000
     -15.13395       0.00000
     -15.12395       0.00000
     -15.11295       0.00000
     -15.10295       0.00000
     -15.09295       0.00000
     -15.08295       0.00000
     -15.07295       0.00000
     -15.06295       0.00000
     -15.05295       0.00000
     -15.04295       0.00000
     -15.03295       0.00000
     -15.02295       0.00000
     -15.01295       0.00000
     -15.00295       0.00000
     -14.99295       0.00000
     -14.98295       0.00000
     -14.97295       0.00000
     -14.96295       0.00000
     -14.95295       0.00000
     -14.94295       0.00000
     -14.93295       0.00000
     -14.92295       0.00000
     -14.91295       0.00000
     -14.90295       0.00000
     -14.89295       0.00000
     -14.88295       0.00000
     -14.87295       0.00000
     -14.86295       0.00000
     -14.85295       0.00000
     -14.84295       0.00000
     -14.83295       0.00000
     -14.82295       0.00000
     -14.81295       0.00000
     -14.80295       0.00000
     -14.79295       0.00000
     -14.78295       0.00000
     -14.77295       0.00000
     -14.76195       0.00000
     -14.75195       0.00000
     -14.74195       0.00000
     -14.73195       0.00000
     -14.72195       0.00000
     -14.71195       0.00000
     -14.70195       0.00000
     -14.69195       0.00000
     -14.68195       0.00000
     -14.67195       0.00000
     -14.66195       0.00000
     -14.65195       0.00000
     -14.64195       0.00000
     -14.63195       0.00000
     -14.62195       0.00000
     -14.61195       0.00000
     -14.60195       0.00000
     -14.59195       0.00000
     -14.58195       0.00000
     -14.57195       0.00000
     -14.56195       0.00000
     -14.55195       0.00000
     -14.54195       0.00000
     -14.53195       0.00000
     -14.52195       0.00000
     -14.51195       0.00000
     -14.50195       0.00000
     -14.49195       0.00000
     -14.48195       0.00000
     -14.47195       0.00000
     -14.46195       0.00000
     -14.45195       0.00000
     -14.44195       0.00000
     -14.43195       0.00000
     -14.42195       0.00000
     -14.41095       0.00000
     -14.40095       0.00000
     -14.39095       0.00000
     -14.38095       0.00000
     -14.37095       0.00000
     -14.36095       0.00000
     -14.35095       0.00000
     -14.34095       0.00000
     -14.33095       0.00000
     -14.32095       0.00000
     -14.31095       0.00000
     -14.30095       0.00000
     -14.29095       0.00000
     -14.28095       0.00000
     -14.27095       0.00000
     -14.26095       0.00000
     -14.25095       0.00000
     -14.24095       0.00000
     -14.23095       0.00000
     -14.22095       0.00000
     -14.21095       0.00000
     -14.20095       0.00000
     -14.19095       0.00000
     -14.18095       0.00000
     -14.17095       0.00000
     -14.16095       0.00000
     -14.15095       0.00000
     -14.14095       0.00000
     -14.13095       0.00000
     -14.12095       0.00000
     -14.11095       0.00000
     -14.10095       0.00000
     -14.09095       0.00000
     -14.08095       0.00000
     -14.06995       0.00000
     -14.05995       0.00000
     -14.04995       0.00000
     -14.03995       0.00000
     -14.02995       0.00000
     -14.01995       0.00000
     -14.00995       0.00000
     -13.99995       0.00000
     -13.98995       0.00000
     -13.97995       0.00000
     -13.96995       0.00000
     -13.95995       0.00000
     -13.94995       0.00000
     -13.93995       0.00000
     -13.92995       0.00000
     -13.91995       0.00000
     -13.90995       0.00000
     -13.89995       0.00000
     -13.88995       0.00000
     -13.87995       0.00000
     -13.86995       0.00000
     -13.85995       0.00000
     -13.84995       0.00000
     -13.83995       0.00000
     -13.82995       0.00000
     -13.81995       0.00000
     -13.80995       0.00000
     -13.79995       0.00000
     -13.78995       0.00000
     -13.77995       0.00000
     -13.76995       0.00000
     -13.75995       0.00000
     -13.74995       0.00000
     -13.73995       0.00000
     -13.72995       0.00000
     -13.71895       0.00000
     -13.70895       0.00000
     -13.69895       0.00000
     -13.68895       0.00000
     -13.67895       0.00000
     -13.66895       0.00000
     -13.65895       0.00000
     -13.64895       0.00000
     -13.63895       0.00000
     -13.62895       0.00000
     -13.61895       0.00000
     -13.60895       0.00000
     -13.59895       0.00000
     -13.58895       0.00000
     -13.57895       0.00000
     -13.56895       0.00000
     -13.55895       0.00000
     -13.54895       0.00000
     -13.53895       0.00000
     -13.52895       0.00000
     -13.51895       0.00000
     -13.50895       0.00000
     -13.49895       0.00000
     -13.48895       0.00000
     -13.47895       0.00000
     -13.46895       0.00000
     -13.45895       0.00000
     -13.44895       0.00000
     -13.43895       0.00000
     -13.42895       0.00000
     -13.41895       0.00000
     -13.40895       0.00000
     -13.39895       0.00000
     -13.38895       0.00000
     -13.37895       0.00000
     -13.36795       0.00000
     -13.35795       0.00000
     -13.34795       0.00000
     -13.33795       0.00000
     -13.32795       0.00000
     -13.31795       0.00000
     -13.30795       0.00000
     -13.29795       0.00000
     -13.28795       0.00000
     -13.27795       0.00000
     -13.26795       0.00000
     -13.25795       0.00000
     -13.24795       0.00000
     -13.23795       0.00000
     -13.22795       0.00000
     -13.21795       0.00000
     -13.20795       0.00000
     -13.19795       0.00000
     -13.18795       0.00000
     -13.17795       0.00000
     -13.16795       0.00000
     -13.15795       0.00000
     -13.14795       0.00000
     -13.13795       0.00000
     -13.12795       0.00000
     -13.11795       0.00000
     -13.10795       0.00000
     -13.09795       0.00000
     -13.08795       0.00000
     -13.07795       0.00000
     -13.06795       0.00000
     -13.05795       0.00000
     -13.04795       0.00000
     -13.03795       0.00000
     -13.02695       0.00000
     -13.01695       0.00000
     -13.00695       0.00000
     -12.99695       0.00000
     -12.98695       0.00000
     -12.97695       0.00000
     -12.96695       0.00000
     -12.95695       0.00000
     -12.94695       0.00000
     -12.93695       0.00000
     -12.92695       0.00000
     -12.91695       0.00000
     -12.90695       0.00000
     -12.89695       0.00000
     -12.88695       0.00000
     -12.87695       0.00000
     -12.86695       0.00000
     -12.85695       0.00000
     -12.84695       0.00000
     -12.83695       0.00000
     -12.82695       0.00000
     -12.81695       0.00000
     -12.80695       0.00000
     -12.79695       0.00000
     -12.78695       0.00000
     -12.77695       0.00000
     -12.76695       0.00000
     -12.75695       0.00000
     -12.74695       0.00000
     -12.73695       0.00000
     -12.72695       0.00000
     -12.71695       0.00000
     -12.70695       0.00000
     -12.69695       0.00000
     -12.68695       0.00000
     -12.67595       0.00000
     -12.66595       0.00000
     -12.65595       0.00000
     -12.64595       0.00000
     -12.63595       0.00000
     -12.62595       0.00000
     -12.61595       0.00000
     -12.60595       0.00000
     -12.59595       0.00000
     -12.58595       0.00000
     -12.57595       0.00000
     -12.56595       0.00000
     -12.55595       0.00000
     -12.54595       0.00000
     -12.53595       0.00000
     -12.52595       0.00000
     -12.51595       0.00000
     -12.50595       0.00000
     -12.49595       0.00000
     -12.48595       0.00000
     -12.47595       0.00000
     -12.46595       0.00000
     -12.45595       0.00000
     -12.44595       0.00000
     -12.43595       0.00000
     -12.42595       0.00000
     -12.41595       0.00000
     -12.40595       0.00000
     -12.39595       0.00000
     -12.38595       0.00000
     -12.37595       0.00000
     -12.36595       0.00000
     -12.35595       0.00000
     -12.34595       0.00000
     -12.33595       0.00000
     -12.32495       0.00000
     -12.31495       0.00000
     -12.30495       0.00000
     -12.29495       0.00000
     -12.28495       0.00000
     -12.27495       0.00000
     -12.26495       0.00000
     -12.25495       0.00000
     -12.24495       0.00000
     -12.23495       0.00000
     -12.22495       0.00000
     -12.21495       0.00000
     -12.20495       0.00000
     -12.19495       0.00000
     -12.18495       0.00000
     -12.17495       0.00000
     -12.16495       0.00000
     -12.15495       0.00000
     -12.14495       0.00000
     -12.13495       0.00000
     -12.12495       0.00000
     -12.11495       0.00000
     -12.10495       0.00000
     -12.09495       0.00000
     -12.08495       0.00000
     -12.07495       0.00000
     -12.06495       0.00000
     -12.05495       0.00000
     -12.04495       0.00000
     -12.03495       0.00000
     -12.02495       0.00000
     -12.01495       0.00000
     -12.00495       0.00000
     -11.99495       0.00000
     -11.98395       0.00000
     -11.97395       0.00000
     -11.96395       0.00000
     -11.95395       0.00000
     -11.94395       0.00000
     -11.93395       0.00000
     -11.92395       0.00000
     -11.91395       0.00000
     -11.90395       0.00000
     -11.89395       0.00000
     -11.88395       0.00000
     -11.87395       0.00000
     -11.86395       0.00000
     -11.85395       0.00000
     -11.84395       0.00000
     -11.83395       0.00000
     -11.82395       0.00000
     -11.81395       0.00000
     -11.80395       0.00000
     -11.79395       0.00000
     -11.78395       0.00000
     -11.77395       0.00000
     -11.76395       0.00000
     -11.75395       0.00000
     -11.74395       0.00000
     -11.73395       0.00000
     -11.72395       0.00000
     -11.71395       0.00000
     -11.70395       0.00000
     -11.69395       0.00000
     -11.68395       0.00000
     -11.67395       0.00000
     -11.66395       0.00000
     -11.65395       0.00000
     -11.64395       0.00000
     -11.63295       0.00000
     -11.62295       0.00000
     -11.61295       0.00000
     -11.60295       0.00000
     -11.59295       0.00000
     -11.58295       0.00000
     -11.57295       0.00000
     -11.56295       0.00000
     -11.55295       0.00000
     -11.54295       0.00000
     -11.53295       0.00000
     -11.52295       0.00000
     -11.51295       0.00000
     -11.50295       0.00000
     -11.49295       0.00000
     -11.48295       0.00000
     -11.47295       0.00000
     -11.46295       0.00000
     -11.45295       0.00000
     -11.44295       0.00000
     -11.43295       0.00000
     -11.42295       0.00000
     -11.41295       0.00000
     -11.40295       0.00000
     -11.39295       0.00000
     -11.38295       0.00000
     -11.37295       0.00000
     -11.36295       0.00000
     -11.35295       0.00000
     -11.34295       0.00000
     -11.33295       0.00000
     -11.32295       0.00000
     -11.31295       0.00000
     -11.30295       0.00000
     -11.29295       0.00000
     -11.28195       0.00000
     -11.27195       0.00000
     -11.26195       0.00000
     -11.25195       0.00000
     -11.24195       0.00000
     -11.23195       0.00000
     -11.22195       0.00000
     -11.21195       0.00000
     -11.20195       0.00000
     -11.19195       0.00000
     -11.18195       0.00000
     -11.17195       0.00000
     -11.16195       0.00000
     -11.15195       0.00000
     -11.14195       0.00000
     -11.13195       0.00000
     -11.12195       0.00000
     -11.11195       0.00000
     -11.10195       0.00000
     -11.09195       0.00000
     -11.08195       0.00000
     -11.07195       0.00000
     -11.06195       0.00000
     -11.05195       0.00000
     -11.04195       0.00000
     -11.03195       0.00000
     -11.02195       0.00000
     -11.01195       0.00000
     -11.00195       0.00000
     -10.99195       0.00000
     -10.98195       0.00000
     -10.97195       0.00000
     -10.96195       0.00000
     -10.95195       0.00000
     -10.94095       0.00000
     -10.93095       0.00000
     -10.92095       0.00000
     -10.91095       0.00000
     -10.90095       0.00000
     -10.89095       0.00000
     -10.88095       0.00000
     -10.87095       0.00000
     -10.86095       0.00000
     -10.85095       0.00000
     -10.84095       0.00000
     -10.83095       0.00000
     -10.82095       0.00000
     -10.81095       0.00000
     -10.80095       0.00000
     -10.79095       0.00000
     -10.78095       0.00000
     -10.77095       0.00000
     -10.76095       0.00000
     -10.75095       0.00000
     -10.74095       0.00000
     -10.73095       0.00000
     -10.72095       0.00000
     -10.71095       0.00000
     -10.70095       0.00000
     -10.69095       0.00000
     -10.68095       0.00000
     -10.67095       0.00000
     -10.66095       0.00000
     -10.65095       0.00000
     -10.64095       0.00000
     -10.63095       0.00000
     -10.62095       0.00000
     -10.61095       0.00000
     -10.60095       0.00000
     -10.58995       0.00000
     -10.57995       0.00000
     -10.56995       0.00000
     -10.55995       0.00000
     -10.54995       0.00000
     -10.53995       0.00000
     -10.52995       0.00000
     -10.51995       0.00000
     -10.50995       0.00000
     -10.49995       0.00000
     -10.48995       0.00000
     -10.47995       0.00000
     -10.46995       0.00000
     -10.45995       0.00000
     -10.44995       0.00000
     -10.43995       0.00000
     -10.42995       0.00000
     -10.41995       0.00000
     -10.40995       0.00000
     -10.39995       0.00000
     -10.38995       0.00000
     -10.37995       0.00000
     -10.36995       0.00000
     -10.35995       0.00000
     -10.34995       0.00000
     -10.33995       0.00000
     -10.32995       0.00000
     -10.31995       0.00000
     -10.30995       0.00000
     -10.29995       0.00000
     -10.28995       0.00000
     -10.27995       0.00000
     -10.26995       0.00000
     -10.25995       0.00000
     -10.24995       0.00000
     -10.23895       0.00000
     -10.22895       0.00000
     -10.21895       0.00000
     -10.20895       0.00000
     -10.19895       0.00000
     -10.18895       0.00000
     -10.17895       0.00000
     -10.16895       0.00000
     -10.15895       0.00000
     -10.14895       0.00000
     -10.13895       0.00000
     -10.12895       0.00000
     -10.11895       0.00000
     -10.10895       0.00000
     -10.09895       0.00000
     -10.08895       0.00000
     -10.07895       0.00000
     -10.06895       0.00000
     -10.05895       0.00000
     -10.04895       0.00000
     -10.03895       0.00000
     -10.02895       0.00000
     -10.01895       0.00000
     -10.00895       0.00000
      -9.99895       0.00000
      -9.98895       0.00000
      -9.97895       0.00000
      -9.96895       0.00000
      -9.95895       0.00000
      -9.94895       0.00000
      -9.93895       0.00000
      -9.92895       0.00000
      -9.91895       0.00000
      -9.90895       0.00000
      -9.89895       0.00000
      -9.88795       0.00000
      -9.87795       0.00000
      -9.86795       0.00000
      -9.85795       0.00000
      -9.84795       0.00003
      -9.83795       0.00020
      -9.82795       0.00123
      -9.81795       0.00589
      -9.80795       0.02273
      -9.79795       0.07042
      -9.78795       0.17510
      -9.77795       0.34969
      -9.76795       0.56057
      -9.75795       0.72168
      -9.74795       0.74601
      -9.73795       0.61928
      -9.72795       0.41285
      -9.71795       0.22103
      -9.70795       0.09498
      -9.69795       0.03278
      -9.68795       0.00908
      -9.67795       0.00202
      -9.66795       0.00036
      -9.65795       0.00005
      -9.64795       0.00001
      -9.63795       0.00000
      -9.62795       0.00000
      -9.61795       0.00000
      -9.60795       0.00000
      -9.59795       0.00000
      -9.58795       0.00000
      -9.57795       0.00000
      -9.56795       0.00000
      -9.55795       0.00000
      -9.54695       0.00000
      -9.53695       0.00000
      -9.52695       0.00000
      -9.51695       0.00000
      -9.50695       0.00000
      -9.49695       0.00000
      -9.48695       0.00000
      -9.47695       0.00000
      -9.46695       0.00000
      -9.45695       0.00000
      -9.44695       0.00000
      -9.43695       0.00000
      -9.42695       0.00000
      -9.41695       0.00000
      -9.40695       0.00000
      -9.39695       0.00000
      -9.38695       0.00000
      -9.37695       0.00000
      -9.36695       0.00000
      -9.35695       0.00000
      -9.34695       0.00000
      -9.33695       0.00000
      -9.32695       0.00000
      -9.31695       0.00000
      -9.30695       0.00000
      -9.29695       0.00000
      -9.28695       0.00000
      -9.27695       0.00000
      -9.26695       0.00000
      -9.25695       0.00000
      -9.24695       0.00000
      -9.23695       0.00000
      -9.22695       0.00000
      -9.21695       0.00000
      -9.20695       0.00000
      -9.19595       0.00000
      -9.18595       0.00000
      -9.17595       0.00000
      -9.16595       0.00000
      -9.15595       0.00000
      -9.14595       0.00000
      -9.13595       0.00000
      -9.12595       0.00000
      -9.11595       0.00000
      -9.10595       0.00000
      -9.09595       0.00000
      -9.08595       0.00000
      -9.07595       0.00000
      -9.06595       0.00000
      -9.05595       0.00000
      -9.04595       0.00000
      -9.03595       0.00000
      -9.02595       0.00000
      -9.01595       0.00000
      -9.00595       0.00000
      -8.99595       0.00000
      -8.98595       0.00000
      -8.97595       0.00000
      -8.96595       0.00000
      -8.95595       0.00000
      -8.94595       0.00000
      -8.93595       0.00000
      -8.92595       0.00000
      -8.91595       0.00000
      -8.90595       0.00000
      -8.89595       0.00000
      -8.88595       0.00000
      -8.87595       0.00000
      -8.86595       0.00000
      -8.85595       0.00000
      -8.84495       0.00000
      -8.83495       0.00000
      -8.82495       0.00000
      -8.81495       0.00000
      -8.80495       0.00000
      -8.79495       0.00000
      -8.78495       0.00000
      -8.77495       0.00000
      -8.76495       0.00000
      -8.75495       0.00000
      -8.74495       0.00000
      -8.73495       0.00000
      -8.72495       0.00000
      -8.71495       0.00000
      -8.70495       0.00000
      -8.69495       0.00000
      -8.68495       0.00000
      -8.67495       0.00000
      -8.66495       0.00000
      -8.65495       0.00000
      -8.64495       0.00000
      -8.63495       0.00000
      -8.62495       0.00000
      -8.61495       0.00000
      -8.60495       0.00000
      -8.59495       0.00000
      -8.58495       0.00000
      -8.57495       0.00000
      -8.56495       0.00000
      -8.55495       0.00000
      -8.54495       0.00000
      -8.53495       0.00000
      -8.52495       0.00000
      -8.51495       0.00000
      -8.50395       0.00000
      -8.49395       0.00000
      -8.48395       0.00000
      -8.47395       0.00000
      -8.46395       0.00000
      -8.45395       0.00000
      -8.44395       0.00000
      -8.43395       0.00000
      -8.42395       0.00000
      -8.41395       0.00000
      -8.40395       0.00000
      -8.39395       0.00000
      -8.38395       0.00000
      -8.37395       0.00000
      -8.36395       0.00000
      -8.35395       0.00000
      -8.34395       0.00000
      -8.33395       0.00000
      -8.32395       0.00000
      -8.31395       0.00000
      -8.30395       0.00000
      -8.29395       0.00000
      -8.28395       0.00000
      -8.27395       0.00000
      -8.26395       0.00000
      -8.25395       0.00000
      -8.24395       0.00000
      -8.23395       0.00000
      -8.22395       0.00000
      -8.21395       0.00000
      -8.20395       0.00000
      -8.19395       0.00000
      -8.18395       0.00000
      -8.17395       0.00000
      -8.16395       0.00000
      -8.15295       0.00000
      -8.14295       0.00000
      -8.13295       0.00000
      -8.12295       0.00000
      -8.11295       0.00000
      -8.10295       0.00000
      -8.09295       0.00000
      -8.08295       0.00000
      -8.07295       0.00000
      -8.06295       0.00000
      -8.05295       0.00000
      -8.04295       0.00000
      -8.03295       0.00000
      -8.02295       0.00000
      -8.01295       0.00000
      -8.00295       0.00000
      -7.99295       0.00000
      -7.98295       0.00000
      -7.97295       0.00000
      -7.96295       0.00000
      -7.95295       0.00000
      -7.94295       0.00000
      -7.93295       0.00000
      -7.92295       0.00000
      -7.91295       0.00000
      -7.90295       0.00000
      -7.89295       0.00000
      -7.88295       0.00000
      -7.87295       0.00000
      -7.86295       0.00000
      -7.85295       0.00000
      -7.84295       0.00000
      -7.83295       0.00000
      -7.82295       0.00000
      -7.81295       0.00000
      -7.80195       0.00000
      -7.79195       0.00000
      -7.78195       0.00000
      -7.77195       0.00000
      -7.76195       0.00000
      -7.75195       0.00000
      -7.74195       0.00000
      -7.73195       0.00000
      -7.72195       0.00000
      -7.71195       0.00000
      -7.70195       0.00000
      -7.69195       0.00000
      -7.68195       0.00000
      -7.67195       0.00000
      -7.66195       0.00000
      -7.65195       0.00000
      -7.64195       0.00000
      -7.63195       0.00000
      -7.62195       0.00000
      -7.61195       0.00000
      -7.60195       0.00000
      -7.59195       0.00000
      -7.58195       0.00000
      -7.57195       0.00000
      -7.56195       0.00000
      -7.55195       0.00000
      -7.54195       0.00000
      -7.53195       0.00000
      -7.52195       0.00000
      -7.51195       0.00000
      -7.50195       0.00000
      -7.49195       0.00000
      -7.48195       0.00000
      -7.47195       0.00000
      -7.46095       0.00000
      -7.45095       0.00000
      -7.44095       0.00000
      -7.43095       0.00000
      -7.42095       0.00000
      -7.41095       0.00000
      -7.40095       0.00000
      -7.39095       0.00000
      -7.38095       0.00000
      -7.37095       0.00000
      -7.36095       0.00000
      -7.35095       0.00000
      -7.34095       0.00000
      -7.33095       0.00000
      -7.32095       0.00000
      -7.31095       0.00000
      -7.30095       0.00000
      -7.29095       0.00000
      -7.28095       0.00000
      -7.27095       0.00000
      -7.26095       0.00000
      -7.25095       0.00000
      -7.24095       0.00000
      -7.23095       0.00000
      -7.22095       0.00000
      -7.21095       0.00000
      -7.20095       0.00000
      -7.19095       0.00000
      -7.18095       0.00000
      -7.17095       0.00000
      -7.16095       0.00000
      -7.15095       0.00000
      -7.14095       0.00000
      -7.13095       0.00000
      -7.12095       0.00000
      -7.10995       0.00000
      -7.09995       0.00000
      -7.08995       0.00000
      -7.07995       0.00000
      -7.06995       0.00000
      -7.05995       0.00000
      -7.04995       0.00000
      -7.03995       0.00000
      -7.02995       0.00000
      -7.01995       0.00000
      -7.00995       0.00000
      -6.99995       0.00000
      -6.98995       0.00000
      -6.97995       0.00000
      -6.96995       0.00000
      -6.95995       0.00000
      -6.94995       0.00000
      -6.93995       0.00000
      -6.92995       0.00000
      -6.91995       0.00000
      -6.90995       0.00000
      -6.89995       0.00000
      -6.88995       0.00000
      -6.87995       0.00000
      -6.86995       0.00000
      -6.85995       0.00000
      -6.84995       0.00000
      -6.83995       0.00000
      -6.82995       0.00000
      -6.81995       0.00000
      -6.80995       0.00000
      -6.79995       0.00000
      -6.78995       0.00000
      -6.77995       0.00000
      -6.76995       0.00000
      -6.75895       0.00000
      -6.74895       0.00000
      -6.73895       0.00000
      -6.72895       0.00000
      -6.71895       0.00000
      -6.70895       0.00000
      -6.69895       0.00000
      -6.68895       0.00000
      -6.67895       0.00000
      -6.66895       0.00000
      -6.65895       0.00000
      -6.64895       0.00000
      -6.63895       0.00000
      -6.62895       0.00000
      -6.61895       0.00000
      -6.60895       0.00000
      -6.59895       0.00000
      -6.58895       0.00000
      -6.57895       0.00000
      -6.56895       0.00000
      -6.55895       0.00000
      -6.54895       0.00000
      -6.53895       0.00000
      -6.52895       0.00000
      -6.51895       0.00000
      -6.50895       0.00000
      -6.49895       0.00000
      -6.48895       0.00000
      -6.47895       0.00000
      -6.46895       0.00000
      -6.45895       0.00000
      -6.44895       0.00000
      -6.43895       0.00000
      -6.42895       0.00000
      -6.41895       0.00000
      -6.40795       0.00000
      -6.39795       0.00000
      -6.38795       0.00000
      -6.37795       0.00000
      -6.36795       0.00000
      -6.35795       0.00000
      -6.34795       0.00000
      -6.33795       0.00000
      -6.32795       0.00000
      -6.31795       0.00000
      -6.30795       0.00004
      -6.29795       0.00033
      -6.28795       0.00234
      -6.27795       0.01332
      -6.26795       0.06072
      -6.25795       0.22221
      -6.24795       0.65310
      -6.23795       1.54108
      -6.22795       2.91875
      -6.21795       4.43892
      -6.20795       5.42165
      -6.19795       5.31784
      -6.18795       4.18850
      -6.17795       2.64848
      -6.16795       1.34518
      -6.15795       0.54845
      -6.14795       0.17957
      -6.13795       0.04719
      -6.12795       0.00995
      -6.11795       0.00168
      -6.10795       0.00023
      -6.09795       0.00002
      -6.08795       0.00000
      -6.07795       0.00000
      -6.06695       0.00000
      -6.05695       0.00000
      -6.04695       0.00000
      -6.03695       0.00000
      -6.02695       0.00000
      -6.01695       0.00000
      -6.00695       0.00000
      -5.99695       0.00000
      -5.98695       0.00000
      -5.97695       0.00000
      -5.96695       0.00000
      -5.95695       0.00000
      -5.94695       0.00000
      -5.93695       0.00000
      -5.92695       0.00000
      -5.91695       0.00000
      -5.90695       0.00000
      -5.89695       0.00000
      -5.88695       0.00000
      -5.87695       0.00000
      -5.86695       0.00000
      -5.85695       0.00000
      -5.84695       0.00000
      -5.83695       0.00000
      -5.82695       0.00000
      -5.81695       0.00000
      -5.80695       0.00000
      -5.79695       0.00000
      -5.78695       0.00000
      -5.77695       0.00000
      -5.76695       0.00000
      -5.75695       0.00000
      -5.74695       0.00000
      -5.73695       0.00000
      -5.72695       0.00000
      -5.71595       0.00000
      -5.70595       0.00000
      -5.69595       0.00000
      -5.68595       0.00000
      -5.67595       0.00000
      -5.66595       0.00000
      -5.65595       0.00000
      -5.64595       0.00000
      -5.63595       0.00000
      -5.62595       0.00000
      -5.61595       0.00000
      -5.60595       0.00000
      -5.59595       0.00000
      -5.58595       0.00000
      -5.57595       0.00000
      -5.56595       0.00000
      -5.55595       0.00000
      -5.54595       0.00000
      -5.53595       0.00000
      -5.52595       0.00000
      -5.51595       0.00000
      -5.50595       0.00000
      -5.49595       0.00000
      -5.48595       0.00000
      -5.47595       0.00000
      -5.46595       0.00000
      -5.45595       0.00000
      -5.44595       0.00000
      -5.43595       0.00000
      -5.42595       0.00000
      -5.41595       0.00000
      -5.40595       0.00000
      -5.39595       0.00000
      -5.38595       0.00000
      -5.37595       0.00000
      -5.36495       0.00000
      -5.35495       0.00000
      -5.34495       0.00000
      -5.33495       0.00000
      -5.32495       0.00000
      -5.31495       0.00000
      -5.30495       0.00000
      -5.29495       0.00000
      -5.28495       0.00000
      -5.27495       0.00000
      -5.26495       0.00000
      -5.25495       0.00000
      -5.24495       0.00000
      -5.23495       0.00000
      -5.22495       0.00000
      -5.21495       0.00000
      -5.20495       0.00000
      -5.19495       0.00000
      -5.18495       0.00000
      -5.17495       0.00000
      -5.16495       0.00000
      -5.15495       0.00000
      -5.14495       0.00000
      -5.13495       0.00000
      -5.12495       0.00000
      -5.11495       0.00000
      -5.10495       0.00000
      -5.09495       0.00000
      -5.08495       0.00000
      -5.07495       0.00000
      -5.06495       0.00000
      -5.05495       0.00000
      -5.04495       0.00000
      -5.03495       0.00000
      -5.02395       0.00000
      -5.01395       0.00000
      -5.00395       0.00000
      -4.99395       0.00000
      -4.98395       0.00000
      -4.97395       0.00000
      -4.96395       0.00001
      -4.95395       0.00016
      -4.94395       0.00135
      -4.93395       0.00943
      -4.92395       0.05264
      -4.91395       0.23593
      -4.90395       0.84871
      -4.89395       2.45153
      -4.88395       5.68374
      -4.87395      10.58471
      -4.86395      15.81639
      -4.85395      18.98977
      -4.84395      18.31044
      -4.83395      14.17386
      -4.82395       8.80951
      -4.81395       4.39715
      -4.80395       1.76210
      -4.79395       0.56706
      -4.78395       0.14650
      -4.77395       0.03037
      -4.76395       0.00505
      -4.75395       0.00067
      -4.74395       0.00007
      -4.73395       0.00001
      -4.72395       0.00000
      -4.71395       0.00000
      -4.70395       0.00000
      -4.69395       0.00000
      -4.68395       0.00000
      -4.67295       0.00000
      -4.66295       0.00000
      -4.65295       0.00000
      -4.64295       0.00000
      -4.63295       0.00000
      -4.62295       0.00000
      -4.61295       0.00000
      -4.60295       0.00000
      -4.59295       0.00000
      -4.58295       0.00000
      -4.57295       0.00000
      -4.56295       0.00000
      -4.55295       0.00000
      -4.54295       0.00000
      -4.53295       0.00000
      -4.52295       0.00000
      -4.51295       0.00000
      -4.50295       0.00000
      -4.49295       0.00000
      -4.48295       0.00000
      -4.47295       0.00000
      -4.46295       0.00000
      -4.45295       0.00000
      -4.44295       0.00000
      -4.43295       0.00000
      -4.42295       0.00000
      -4.41295       0.00000
      -4.40295       0.00000
      -4.39295       0.00000
      -4.38295       0.00000
      -4.37295       0.00000
      -4.36295       0.00000
      -4.35295       0.00000
      -4.34295       0.00000
      -4.33295       0.00000
      -4.32195       0.00000
      -4.31195       0.00000
      -4.30195       0.00000
      -4.29195       0.00000
      -4.28195       0.00000
      -4.27195       0.00000
      -4.26195       0.00000
      -4.25195       0.00000
      -4.24195       0.00000
      -4.23195       0.00000
      -4.22195       0.00000
      -4.21195       0.00000
      -4.20195       0.00000
      -4.19195       0.00000
      -4.18195       0.00001
      -4.17195       0.00011
      -4.16195       0.00094
      -4.15195       0.00674
      -4.14195       0.03866
      -4.13195       0.17804
      -4.12195       0.65850
      -4.11195       1.95438
      -4.10195       4.65761
      -4.09195       8.91330
      -4.08195      13.69217
      -4.07195      16.89247
      -4.06195      16.73715
      -4.05195      13.31919
      -4.04195       8.50936
      -4.03195       4.36551
      -4.02195       1.79798
      -4.01195       0.59460
      -4.00195       0.15784
      -3.99195       0.03364
      -3.98095       0.00575
      -3.97095       0.00079
      -3.96095       0.00009
      -3.95095       0.00001
      -3.94095       0.00000
      -3.93095       0.00000
      -3.92095       0.00000
      -3.91095       0.00000
      -3.90095       0.00000
      -3.89095       0.00000
      -3.88095       0.00000
      -3.87095       0.00000
      -3.86095       0.00000
      -3.85095       0.00000
      -3.84095       0.00000
      -3.83095       0.00000
      -3.82095       0.00000
      -3.81095       0.00000
      -3.80095       0.00000
      -3.79095       0.00000
      -3.78095       0.00000
      -3.77095       0.00000
      -3.76095       0.00000
      -3.75095       0.00000
      -3.74095       0.00000
      -3.73095       0.00000
      -3.72095       0.00000
      -3.71095       0.00000
      -3.70095       0.00000
      -3.69095       0.00000
      -3.68095       0.00000
      -3.67095       0.00000
      -3.66095       0.00000
      -3.65095       0.00000
      -3.64095       0.00000
      -3.62995       0.00000
      -3.61995       0.00000
      -3.60995       0.00000
      -3.59995       0.00000
      -3.58995       0.00000
      -3.57995       0.00000
      -3.56995       0.00000
      -3.55995       0.00000
      -3.54995       0.00000
      -3.53995       0.00000
      -3.52995       0.00000
      -3.51995       0.00000
      -3.50995       0.00000
      -3.49995       0.00000
      -3.48995       0.00000
      -3.47995       0.00000
      -3.46995       0.00000
      -3.45995       0.00000
      -3.44995       0.00000
      -3.43995       0.00000
      -3.42995       0.00000
      -3.41995       0.00000
      -3.40995       0.00000
      -3.39995       0.00000
      -3.38995       0.00000
      -3.37995       0.00000
      -3.36995       0.00000
      -3.35995       0.00000
      -3.34995       0.00000
      -3.33995       0.00000
      -3.32995       0.00000
      -3.31995       0.00000
      -3.30995       0.00000
      -3.29995       0.00000
      -3.28995       0.00000
      -3.27895       0.00000
      -3.26895       0.00000
      -3.25895       0.00000
      -3.24895       0.00000
      -3.23895       0.00000
      -3.22895       0.00000
      -3.21895       0.00000
      -3.20895       0.00000
      -3.19895       0.00000
      -3.18895       0.00000
      -3.17895       0.00000
      -3.16895       0.00000
      -3.15895       0.00000
      -3.14895       0.00000
      -3.13895       0.00000
      -3.12895       0.00000
      -3.11895       0.00000
      -3.10895       0.00000
      -3.09895       0.00000
      -3.08895       0.00000
      -3.07895       0.00000
      -3.06895       0.00000
      -3.05895       0.00000
      -3.04895       0.00000
      -3.03895       0.00000
      -3.02895       0.00000
      -3.01895       0.00000
      -3.00895       0.00000
      -2.99895       0.00000
      -2.98895       0.00000
      -2.97895       0.00000
      -2.96895       0.00000
      -2.95895       0.00000
      -2.94895       0.00000
      -2.93895       0.00000
      -2.92795       0.00000
      -2.91795       0.00000
      -2.90795       0.00000
      -2.89795       0.00000
      -2.88795       0.00000
      -2.87795       0.00000
      -2.86795       0.00000
      -2.85795       0.00000
      -2.84795       0.00000
      -2.83795       0.00000
      -2.82795       0.00000
      -2.81795       0.00000
      -2.80795       0.00000
      -2.79795       0.00000
      -2.78795       0.00000
      -2.77795       0.00000
      -2.76795       0.00000
      -2.75795       0.00000
      -2.74795       0.00000
      -2.73795       0.00000
      -2.72795       0.00000
      -2.71795       0.00000
      -2.70795       0.00000
      -2.69795       0.00000
      -2.68795       0.00000
      -2.67795       0.00000
      -2.66795       0.00000
      -2.65795       0.00000
      -2.64795       0.00000
      -2.63795       0.00000
      -2.62795       0.00000
      -2.61795       0.00000
      -2.60795       0.00000
      -2.59795       0.00000
      -2.58695       0.00000
      -2.57695       0.00000
      -2.56695       0.00000
      -2.55695       0.00000
      -2.54695       0.00000
      -2.53695       0.00000
      -2.52695       0.00000
      -2.51695       0.00000
      -2.50695       0.00000
      -2.49695       0.00000
      -2.48695       0.00000
      -2.47695       0.00000
      -2.46695       0.00000
      -2.45695       0.00000
      -2.44695       0.00000
      -2.43695       0.00000
      -2.42695       0.00000
      -2.41695       0.00000
      -2.40695       0.00000
      -2.39695       0.00000
      -2.38695       0.00000
      -2.37695       0.00000
      -2.36695       0.00000
      -2.35695       0.00000
      -2.34695       0.00000
      -2.33695       0.00000
      -2.32695       0.00000
      -2.31695       0.00000
      -2.30695       0.00000
      -2.29695       0.00000
      -2.28695       0.00000
      -2.27695       0.00000
      -2.26695       0.00000
      -2.25695       0.00000
      -2.24695       0.00000
      -2.23595       0.00000
      -2.22595       0.00000
      -2.21595       0.00000
      -2.20595       0.00000
      -2.19595       0.00000
      -2.18595       0.00000
      -2.17595       0.00000
      -2.16595       0.00000
      -2.15595       0.00000
      -2.14595       0.00000
      -2.13595       0.00000
      -2.12595       0.00000
      -2.11595       0.00000
      -2.10595       0.00000
      -2.09595       0.00000
      -2.08595       0.00000
      -2.07595       0.00000
      -2.06595       0.00000
      -2.05595       0.00000
      -2.04595       0.00000
      -2.03595       0.00000
      -2.02595       0.00000
      -2.01595       0.00000
      -2.00595       0.00000
      -1.99595       0.00000
      -1.98595       0.00000
      -1.97595       0.00000
      -1.96595       0.00000
      -1.95595       0.00000
      -1.94595       0.00000
      -1.93595       0.00000
      -1.92595       0.00000
      -1.91595       0.00000
      -1.90595       0.00000
      -1.89595       0.00000
      -1.88495       0.00000
      -1.87495       0.00000
      -1.86495       0.00000
      -1.85495       0.00000
      -1.84495       0.00000
      -1.83495       0.00000
      -1.82495       0.00000
      -1.81495       0.00000
      -1.80495       0.00000
      -1.79495       0.00000
      -1.78495       0.00000
      -1.77495       0.00000
      -1.76495       0.00000
      -1.75495       0.00000
      -1.74495       0.00000
      -1.73495       0.00000
      -1.72495       0.00000
      -1.71495       0.00000
      -1.70495       0.00000
      -1.69495       0.00000
      -1.68495       0.00000
      -1.67495       0.00000
      -1.66495       0.00000
      -1.65495       0.00000
      -1.64495       0.00000
      -1.63495       0.00000
      -1.62495       0.00000
      -1.61495       0.00000
      -1.60495       0.00000
      -1.59495       0.00000
      -1.58495       0.00000
      -1.57495       0.00000
      -1.56495       0.00000
      -1.55495       0.00000
      -1.54395       0.00000
      -1.53395       0.00000
      -1.52395       0.00000
      -1.51395       0.00000
      -1.50395       0.00000
      -1.49395       0.00000
      -1.48395       0.00000
      -1.47395       0.00000
      -1.46395       0.00000
      -1.45395       0.00000
      -1.44395       0.00000
      -1.43395       0.00000
      -1.42395       0.00000
      -1.41395       0.00000
      -1.40395       0.00000
      -1.39395       0.00000
      -1.38395       0.00000
      -1.37395       0.00000
      -1.36395       0.00000
      -1.35395       0.00000
      -1.34395       0.00000
      -1.33395       0.00000
      -1.32395       0.00000
      -1.31395       0.00000
      -1.30395       0.00000
      -1.29395       0.00000
      -1.28395       0.00000
      -1.27395       0.00000
      -1.26395       0.00000
      -1.25395       0.00000
      -1.24395       0.00000
      -1.23395       0.00000
      -1.22395       0.00000
      -1.21395       0.00000
      -1.20395       0.00000
      -1.19295       0.00000
      -1.18295       0.00000
      -1.17295       0.00000
      -1.16295       0.00000
      -1.15295       0.00000
      -1.14295       0.00000
      -1.13295       0.00000
      -1.12295       0.00000
      -1.11295       0.00000
      -1.10295       0.00000
      -1.09295       0.00000
      -1.08295       0.00000
      -1.07295       0.00000
      -1.06295       0.00000
      -1.05295       0.00000
      -1.04295       0.00000
      -1.03295       0.00000
      -1.02295       0.00000
      -1.01295       0.00000
      -1.00295       0.00000
      -0.99295       0.00000
      -0.98295       0.00000
      -0.97295       0.00000
      -0.96295       0.00000
      -0.95295       0.00000
      -0.94295       0.00000
      -0.93295       0.00000
      -0.92295       0.00000
      -0.91295       0.00000
      -0.90295       0.00000
      -0.89295       0.00000
      -0.88295       0.00000
      -0.87295       0.00000
      -0.86295       0.00000
      -0.85295       0.00000
      -0.84195       0.00000
      -0.83195       0.00000
      -0.82195       0.00000
      -0.81195       0.00000
      -0.80195       0.00000
      -0.79195       0.00000
      -0.78195       0.00000
      -0.77195       0.00000
      -0.76195       0.00000
      -0.75195       0.00000
      -0.74195       0.00000
      -0.73195       0.00000
      -0.72195       0.00000
      -0.71195       0.00000
      -0.70195       0.00000
      -0.69195       0.00000
      -0.68195       0.00000
      -0.67195       0.00000
      -0.66195       0.00000
      -0.65195       0.00000
      -0.64195       0.00000
      -0.63195       0.00000
      -0.62195       0.00000
      -0.61195       0.00000
      -0.60195       0.00000
      -0.59195       0.00000
      -0.58195       0.00000
      -0.57195       0.00000
      -0.56195       0.00000
      -0.55195       0.00000
      -0.54195       0.00000
      -0.53195       0.00000
      -0.52195       0.00000
      -0.51195       0.00000
      -0.50095       0.00000
      -0.49095       0.00000
      -0.48095       0.00000
      -0.47095       0.00000
      -0.46095       0.00000
      -0.45095       0.00000
      -0.44095       0.00000
      -0.43095       0.00000
      -0.42095       0.00000
      -0.41095       0.00000
      -0.40095       0.00000
      -0.39095       0.00000
      -0.38095       0.00000
      -0.37095       0.00000
      -0.36095       0.00000
      -0.35095       0.00000
      -0.34095       0.00000
      -0.33095       0.00000
      -0.32095       0.00000
      -0.31095       0.00000
      -0.30095       0.00000
      -0.29095       0.00000
      -0.28095       0.00000
      -0.27095       0.00000
      -0.26095       0.00000
      -0.25095       0.00003
      -0.24095       0.00028
      -0.23095       0.00227
      -0.22095       0.01500
      -0.21095       0.07949
      -0.20095       0.33797
      -0.19095       1.15345
      -0.18095       3.16071
      -0.17095       6.95416
      -0.16095      12.28860
      -0.14995      17.42230
      -0.13995      19.85240
      -0.12995      18.15540
      -0.11995      13.33630
      -0.10995       7.86453
      -0.09995       3.72435
      -0.08995       1.41639
      -0.07995       0.43235
      -0.06995       0.10592
      -0.05995       0.02084
      -0.04995       0.00329
      -0.03995       0.00042
      -0.02995       0.00004
      -0.01995       0.00000
      -0.00995       0.00000
       0.00005       0.00000
       0.01005       0.00000
       0.02005       0.00000
       0.03005       0.00000
       0.04005       0.00000
       0.05005       0.00000
       0.06005       0.00000
       0.07005       0.00000
       0.08005       0.00000
       0.09005       0.00000
       0.10005       0.00000
       0.11005       0.00000
       0.12005       0.00000
       0.13005       0.00000
       0.14005       0.00000
       0.15005       0.00000
       0.16005       0.00000
       0.17005       0.00000
       0.18005       0.00000
       0.19005       0.00000
       0.20105       0.00000
       0.21105       0.00000
       0.22105       0.00000
       0.23105       0.00000
       0.24105       0.00000
       0.25105       0.00000
       0.26105       0.00000
       0.27105       0.00000
       0.28105       0.00000
       0.29105       0.00000
       0.30105       0.00000
       0.31105       0.00000
       0.32105       0.00000
       0.33105       0.00000
       0.34105       0.00000
       0.35105       0.00000
       0.36105       0.00000
       0.37105       0.00000
       0.38105       0.00000
       0.39105       0.00000
       0.40105       0.00000
       0.41105       0.00000
       0.42105       0.00000
       0.43105       0.00000
       0.44105       0.00000
       0.45105       0.00000
       0.46105       0.00000
       0.47105       0.00000
       0.48105       0.00000
       0.49105       0.00000
       0.50105       0.00000
       0.51105       0.00000
       0.52105       0.00000
       0.53105       0.00000
       0.54105       0.00000
       0.55205       0.00000
       0.56205       0.00000
       0.57205       0.00000
       0.58205       0.00000
       0.59205       0.00000
       0.60205       0.00000
       0.61205       0.00000
       0.62205       0.00000
       0.63205       0.00000
       0.64205       0.00000
       0.65205       0.00000
       0.66205       0.00000
       0.67205       0.00000
       0.68205       0.00000
       0.69205       0.00000
       0.70205       0.00000
       0.71205       0.00000
       0.72205       0.00000
       0.73205       0.00000
       0.74205       0.00000
       0.75205       0.00000
       0.76205       0.00000
       0.77205       0.00000
       0.78205       0.00000
       0.79205       0.00000
       0.80205       0.00000
       0.81205       0.00000
       0.82205       0.00000
       0.83205       0.00000
       0.84205       0.00000
       0.85205       0.00000
       0.86205       0.00000
       0.87205       0.00000
       0.88205       0.00000
       0.89305       0.00000
       0.90305       0.00000
       0.91305       0.00000
       0.92305       0.00000
       0.93305       0.00000
       0.94305       0.00000
       0.95305       0.00000
       0.96305       0.00000
       0.97305       0.00000
       0.98305       0.00000
       0.99305       0.00000
       1.00305       0.00000
       1.01305       0.00000
       1.02305       0.00000
       1.03305       0.00000
       1.04305       0.00000
       1.05305       0.00000
       1.06305       0.00000
       1.07305       0.00000
       1.08305       0.00000
       1.09305       0.00000
       1.10305       0.00000
       1.11305       0.00000
       1.12305       0.00000
       1.13305       0.00000
       1.14305       0.00000
       1.15305       0.00000
       1.16305       0.00000
       1.17305       0.00000
       1.18305       0.00000
       1.19305       0.00000
       1.20305       0.00000
       1.21305       0.00000
       1.22305       0.00000
       1.23305       0.00000
       1.24405       0.00000
       1.25405       0.00000
       1.26405       0.00000
       1.27405       0.00000
       1.28405       0.00000
       1.29405       0.00000
       1.30405       0.00000
       1.31405       0.00000
       1.32405       0.00000
       1.33405       0.00000
       1.34405       0.00000
       1.35405       0.00000
       1.36405       0.00000
       1.37405       0.00000
       1.38405       0.00000
       1.39405       0.00000
       1.40405       0.00000
       1.41405       0.00000
       1.42405       0.00000
       1.43405       0.00000
       1.44405       0.00000
       1.45405       0.00000
       1.46405       0.00000
       1.47405       0.00000
       1.48405       0.00000
       1.49405       0.00000
       1.50405       0.00000
       1.51405       0.00000
       1.52405       0.00000
       1.53405       0.00000
       1.54405       0.00000
       1.55405       0.00000
       1.56405       0.00000
       1.57405       0.00000
       1.58405       0.00000
       1.59505       0.00000
       1.60505       0.00000
       1.61505       0.00000
       1.62505       0.00000
       1.63505       0.00000
       1.64505       0.00000
       1.65505       0.00000
       1.66505       0.00000
       1.67505       0.00000
       1.68505       0.00000
       1.69505       0.00000
       1.70505       0.00000
       1.71505       0.00000
       1.72505       0.00000
       1.73505       0.00000
       1.74505       0.00000
       1.75505       0.00000
       1.76505       0.00000
       1.77505       0.00000
       1.78505       0.00000
       1.79505       0.00000
       1.80505       0.00000
       1.81505       0.00000
       1.82505       0.00000
       1.83505       0.00000
       1.84505       0.00000
       1.85505       0.00000
       1.86505       0.00000
       1.87505       0.00000
       1.88505       0.00000
       1.89505       0.00000
       1.90505       0.00000
       1.91505       0.00000
       1.92505       0.00000
       1.93605       0.00000
       1.94605       0.00000
       1.95605       0.00000
       1.96605       0.00000
       1.97605       0.00000
       1.98605       0.00000
       1.99605       0.00000
       2.00605       0.00000
       2.01605       0.00000
       2.02605       0.00000
       2.03605       0.00000
       2.04605       0.00000
       2.05605       0.00000
       2.06605       0.00000
       2.07605       0.00000
       2.08605       0.00000
       2.09605       0.00000
       2.10605       0.00000
       2.11605       0.00000
       2.12605       0.00000
       2.13605       0.00000
       2.14605       0.00000
       2.15605       0.00000
       2.16605       0.00000
       2.17605       0.00000
       2.18605       0.00000
       2.19605       0.00000
       2.20605       0.00000
       2.21605       0.00000
       2.22605       0.00000
       2.23605       0.00000
       2.24605       0.00000
       2.25605       0.00000
       2.26605       0.00000
       2.27605       0.00000
       2.28705       0.00000
       2.29705       0.00000
       2.30705       0.00000
       2.31705       0.00000
       2.32705       0.00000
       2.33705       0.00000
       2.34705       0.00000
       2.35705       0.00000
       2.36705       0.00000
       2.37705       0.00000
       2.38705       0.00000
       2.39705       0.00000
       2.40705       0.00000
       2.41705       0.00000
       2.42705       0.00000
       2.43705       0.00000
       2.44705       0.00000
       2.45705       0.00000
       2.46705       0.00000
       2.47705       0.00000
       2.48705       0.00000
       2.49705       0.00000
       2.50705       0.00000
       2.51705       0.00000
       2.52705       0.00000
       2.53705       0.00000
       2.54705       0.00000
       2.55705       0.00000
       2.56705       0.00000
       2.57705       0.00000
       2.58705       0.00000
       2.59705       0.00000
       2.60705       0.00000
       2.61705       0.00000
       2.62705       0.00000
       2.63805       0.00000
       2.64805       0.00000
       2.65805       0.00000
       2.66805       0.00000
       2.67805       0.00000
       2.68805       0.00000
       2.69805       0.00000
       2.70805       0.00000
       2.71805       0.00000
       2.72805       0.00000
       2.73805       0.00000
       2.74805       0.00000
       2.75805       0.00000
       2.76805       0.00000
       2.77805       0.00000
       2.78805       0.00000
       2.79805       0.00000
       2.80805       0.00000
       2.81805       0.00000
       2.82805       0.00000
       2.83805       0.00000
       2.84805       0.00000
       2.85805       0.00000
       2.86805       0.00000
       2.87805       0.00000
       2.88805       0.00000
       2.89805       0.00000
       2.90805       0.00000
       2.91805       0.00000
       2.92805       0.00000
       2.93805       0.00000
       2.94805       0.00000
       2.95805       0.00000
       2.96805       0.00000
       2.97905       0.00000
       2.98905       0.00000
       2.99905       0.00000
       3.00905       0.00000
       3.01905       0.00000
       3.02905       0.00000
       3.03905       0.00000
       3.04905       0.00000
       3.05905       0.00000
       3.06905       0.00000
       3.07905       0.00000
       3.08905       0.00000
       3.09905       0.00000
       3.10905       0.00000
       3.11905       0.00000
       3.12905       0.00000
       3.13905       0.00000
       3.14905       0.00000
       3.15905       0.00000
       3.16905       0.00000
       3.17905       0.00000
       3.18905       0.00000
       3.19905       0.00000
       3.20905       0.00000
       3.21905       0.00000
       3.22905       0.00000
       3.23905       0.00000
       3.24905       0.00000
       3.25905       0.00000
       3.26905       0.00000
       3.27905       0.00000
       3.28905       0.00001
       3.29905       0.00008
       3.30905       0.00073
       3.31905       0.00503
       3.33005       0.02789
       3.34005       0.12408
       3.35005       0.44329
       3.36005       1.27084
       3.37005       2.92591
       3.38005       5.40852
       3.39005       8.02886
       3.40005       9.56906
       3.41005       9.15890
       3.42005       7.03981
       3.43005       4.34481
       3.44005       2.15325
       3.45005       0.85665
       3.46005       0.27364
       3.47005       0.07018
       3.48005       0.01445
       3.49005       0.00239
       3.50005       0.00032
       3.51005       0.00003
       3.52005       0.00000
       3.53005       0.00000
       3.54005       0.00000
       3.55005       0.00000
       3.56005       0.00000
       3.57005       0.00000
       3.58005       0.00000
       3.59005       0.00000
       3.60005       0.00000
       3.61005       0.00000
       3.62005       0.00000
       3.63005       0.00000
       3.64005       0.00000
       3.65005       0.00000
       3.66005       0.00000
       3.67005       0.00000
       3.68105       0.00000
       3.69105       0.00000
       3.70105       0.00000
       3.71105       0.00000
       3.72105       0.00000
       3.73105       0.00000
       3.74105       0.00000
       3.75105       0.00000
       3.76105       0.00000
       3.77105       0.00000
       3.78105       0.00000
       3.79105       0.00000
       3.80105       0.00000
       3.81105       0.00000
       3.82105       0.00000
       3.83105       0.00000
       3.84105       0.00000
       3.85105       0.00000
       3.86105       0.00000
       3.87105       0.00000
       3.88105       0.00000
       3.89105       0.00000
       3.90105       0.00000
       3.91105       0.00000
       3.92105       0.00000
       3.93105       0.00000
       3.94105       0.00000
       3.95105       0.00000
       3.96105       0.00000
       3.97105       0.00000
       3.98105       0.00000
       3.99105       0.00000
       4.00105       0.00000
       4.01105       0.00000
       4.02105       0.00000
       4.03205       0.00000
       4.04205       0.00000
       4.05205       0.00000
       4.06205       0.00000
       4.07205       0.00000
       4.08205       0.00000
       4.09205       0.00000
       4.10205       0.00000
       4.11205       0.00000
       4.12205       0.00000
       4.13205       0.00000
       4.14205       0.00000
       4.15205       0.00000
       4.16205       0.00000
       4.17205       0.00000
       4.18205       0.00000
       4.19205       0.00000
       4.20205       0.00000
       4.21205       0.00000
       4.22205       0.00000
       4.23205       0.00000
       4.24205       0.00000
       4.25205       0.00000
       4.26205       0.00000
       4.27205       0.00000
       4.28205       0.00000
       4.29205       0.00000
       4.30205       0.00000
       4.31205       0.00000
       4.32205       0.00000
       4.33205       0.00000
       4.34205       0.00000
       4.35205       0.00000
       4.36205       0.00000
       4.37305       0.00000
       4.38305       0.00000
       4.39305       0.00000
       4.40305       0.00000
       4.41305       0.00000
       4.42305       0.00000
       4.43305       0.00000
       4.44305       0.00000
       4.45305       0.00000
       4.46305       0.00000
       4.47305       0.00000
       4.48305       0.00000
       4.49305       0.00000
       4.50305       0.00000
       4.51305       0.00000
       4.52305       0.00000
       4.53305       0.00000
       4.54305       0.00000
       4.55305       0.00000
       4.56305       0.00000
       4.57305       0.00000
       4.58305       0.00000
       4.59305       0.00000
       4.60305       0.00000
       4.61305       0.00000
       4.62305       0.00000
       4.63305       0.00000
       4.64305       0.00000
       4.65305       0.00000
       4.66305       0.00000
       4.67305       0.00000
       4.68305       0.00000
       4.69305       0.00000
       4.70305       0.00000
       4.71305       0.00000
       4.72405       0.00000
       4.73405       0.00000
       4.74405       0.00000
       4.75405       0.00000
       4.76405       0.00000
       4.77405       0.00000
       4.78405       0.00000
       4.79405       0.00000
       4.80405       0.00000
       4.81405       0.00000
       4.82405       0.00000
       4.83405       0.00000
       4.84405       0.00000
       4.85405       0.00000
       4.86405       0.00000
       4.87405       0.00000
       4.88405       0.00000
       4.89405       0.00000
       4.90405       0.00000
       4.91405       0.00000
       4.92405       0.00000
       4.93405       0.00000
       4.94405       0.00000
       4.95405       0.00000
       4.96405       0.00000
       4.97405       0.00000
       4.98405       0.00000
       4.99405       0.00000
       5.00405       0.00000
       5.01405       0.00000
       5.02405       0.00000
       5.03405       0.00000
       5.04405       0.00000
       5.05405       0.00000
       5.06405       0.00000
       5.07505       0.00000
       5.08505       0.00000
       5.09505       0.00000
       5.10505       0.00000
       5.11505       0.00000
       5.12505       0.00000
       5.13505       0.00000
       5.14505       0.00000
       5.15505       0.00000
       5.16505       0.00000
       5.17505       0.00000
       5.18505       0.00000
       5.19505       0.00000
       5.20505       0.00000
       5.21505       0.00000
       5.22505       0.00000
       5.23505       0.00000
       5.24505       0.00000
       5.25505       0.00000
       5.26505       0.00000
       5.27505       0.00000
       5.28505       0.00000
       5.29505       0.00000
       5.30505       0.00000
       5.31505       0.00000
       5.32505       0.00000
       5.33505       0.00000
       5.34505       0.00000
       5.35505       0.00000
       5.36505       0.00000
       5.37505       0.00000
       5.38505       0.00000
       5.39505       0.00000
       5.40505       0.00000
       5.41605       0.00000
       5.42605       0.00000
       5.43605       0.00000
       5.44605       0.00000
       5.45605       0.00000
       5.46605       0.00000
       5.47605       0.00000
       5.48605       0.00000
       5.49605       0.00000
       5.50605       0.00000
       5.51605       0.00000
       5.52605       0.00000
       5.53605       0.00000
       5.54605       0.00000
       5.55605       0.00003
       5.56605       0.00018
       5.57605       0.00087
       5.58605       0.00340
       5.59605       0.01068
       5.60605       0.02685
       5.61605       0.05424
       5.62605       0.08799
       5.63605       0.11466
       5.64605       0.11993
       5.65605       0.10071
       5.66605       0.06793
       5.67605       0.03679
       5.68605       0.01600
       5.69605       0.00559
       5.70605       0.00157
       5.71605       0.00035
       5.72605       0.00006
       5.73605       0.00001
       5.74605       0.00000
       5.75605       0.00000
       5.76705       0.00000
       5.77705       0.00000
       5.78705       0.00000
       5.79705       0.00000
       5.80705       0.00000
       5.81705       0.00000
       5.82705       0.00000
       5.83705       0.00000
       5.84705       0.00000
       5.85705       0.00000
       5.86705       0.00000
       5.87705       0.00000
       5.88705       0.00000
       5.89705       0.00000
       5.90705       0.00000
       5.91705       0.00000
       5.92705       0.00000
       5.93705       0.00000
       5.94705       0.00000
       5.95705       0.00000
       5.96705       0.00000
       5.97705       0.00000
       5.98705       0.00000
       5.99705       0.00000
       6.00705       0.00000
       6.01705       0.00000
       6.02705       0.00000
       6.03705       0.00001
       6.04705       0.00005
       6.05705       0.00021
       6.06705       0.00072
       6.07705       0.00198
       6.08705       0.00437
       6.09705       0.00776
       6.10705       0.01106
       6.11805       0.01266
       6.12805       0.01164
       6.13805       0.00859
       6.14805       0.00509
       6.15805       0.00242
       6.16805       0.00093
       6.17805       0.00028
       6.18805       0.00007
       6.19805       0.00002
       6.20805       0.00001
       6.21805       0.00005
       6.22805       0.00018
       6.23805       0.00054
       6.24805       0.00131
       6.25805       0.00257
       6.26805       0.00403
       6.27805       0.00510
       6.28805       0.00521
       6.29805       0.00433
       6.30805       0.00297
       6.31805       0.00181
       6.32805       0.00124
       6.33805       0.00137
       6.34805       0.00210
       6.35805       0.00310
       6.36805       0.00383
       6.37805       0.00389
       6.38805       0.00328
       6.39805       0.00244
       6.40805       0.00178
       6.41805       0.00143
       6.42805       0.00122
       6.43805       0.00097
       6.44805       0.00065
       6.45905       0.00036
       6.46905       0.00016
       6.47905       0.00007
       6.48905       0.00006
       6.49905       0.00017
       6.50905       0.00059
       6.51905       0.00163
       6.52905       0.00365
       6.53905       0.00663
       6.54905       0.00982
       6.55905       0.01204
       6.56905       0.01248
       6.57905       0.01123
       6.58905       0.00900
       6.59905       0.00646
       6.60905       0.00410
       6.61905       0.00223
       6.62905       0.00102
       6.63905       0.00039
       6.64905       0.00012
       6.65905       0.00003
       6.66905       0.00001
       6.67905       0.00000
       6.68905       0.00000
       6.69905       0.00000
       6.70905       0.00000
       6.71905       0.00000
       6.72905       0.00000
       6.73905       0.00000
       6.74905       0.00000
       6.75905       0.00000
       6.76905       0.00000
       6.77905       0.00000
       6.78905       0.00000
       6.79905       0.00000
       6.81005       0.00000
       6.82005       0.00000
       6.83005       0.00000
       6.84005       0.00000
       6.85005       0.00000
       6.86005       0.00000
       6.87005       0.00000
       6.88005       0.00000
       6.89005       0.00000
       6.90005       0.00000
       6.91005       0.00000
       6.92005       0.00000
       6.93005       0.00000
       6.94005       0.00000
       6.95005       0.00000
       6.96005       0.00000
       6.97005       0.00000
       6.98005       0.00000
       6.99005       0.00000
       7.00005       0.00000
       7.01005       0.00000
       7.02005       0.00000
       7.03005       0.00000
       7.04005       0.00000
       7.05005       0.00000
       7.06005       0.00000
       7.07005       0.00000
       7.08005       0.00000
       7.09005       0.00000
       7.10005       0.00000
       7.11005       0.00000
       7.12005       0.00000
       7.13005       0.00000
       7.14005       0.00000
       7.15005       0.00000
       7.16105       0.00000
       7.17105       0.00000
       7.18105       0.00000
       7.19105       0.00000
       7.20105       0.00000
       7.21105       0.00000
       7.22105       0.00000
       7.23105       0.00000
       7.24105       0.00000
       7.25105       0.00000
       7.26105       0.00000
       7.27105       0.00000
       7.28105       0.00000
       7.29105       0.00000
       7.30105       0.00000
       7.31105       0.00000
       7.32105       0.00000
       7.33105       0.00000
       7.34105       0.00000
       7.35105       0.00000
       7.36105       0.00000
       7.37105       0.00000
       7.38105       0.00000
       7.39105       0.00000
       7.40105       0.00000
       7.41105       0.00000
       7.42105       0.00000
       7.43105       0.00000
       7.44105       0.00000
       7.45105       0.00000
       7.46105       0.00000
       7.47105       0.00000
       7.48105       0.00000
       7.49105       0.00000
       7.50105       0.00000
       7.51205       0.00000
       7.52205       0.00000
       7.53205       0.00000
       7.54205       0.00000
       7.55205       0.00000
       7.56205       0.00000
       7.57205       0.00000
       7.58205       0.00000
       7.59205       0.00000
       7.60205       0.00000
       7.61205       0.00000
       7.62205       0.00000
       7.63205       0.00000
       7.64205       0.00000
       7.65205       0.00000
       7.66205       0.00000
       7.67205       0.00000
       7.68205       0.00000
       7.69205       0.00000
       7.70205       0.00000
       7.71205       0.00000
       7.72205       0.00000
       7.73205       0.00000
       7.74205       0.00000
       7.75205       0.00000
       7.76205       0.00000
       7.77205       0.00000
       7.78205       0.00000
       7.79205       0.00000
       7.80205       0.00000
       7.81205       0.00000
       7.82205       0.00000
       7.83205       0.00000
       7.84205       0.00000
       7.85305       0.00000
       7.86305       0.00000
       7.87305       0.00000
       7.88305       0.00000
       7.89305       0.00000
       7.90305       0.00000
       7.91305       0.00000
       7.92305       0.00000
       7.93305       0.00000
       7.94305       0.00000
       7.95305       0.00000
